5.6253
6.34909
5.97397
5.65979
4.82909
6.84008
6.13732
5.9243
6.33754
6.60132
6.42382
6.69073
5.68273
6.21221
6.61885
5.31456
5.99497
7.22977
6.68794
5.90614
6.93378
4.98628
6.68768
5.19336
6.30329
6.54705
6.17616
5.46923
6.62323
6.54464
6.7839
5.65037
4.45266
5.71622
5.55473
6.17026
6.15145
6.57831
5.90768
6.12091
5.78127
6.86335
6.32657
5.98811
6.65047
6.06788
6.49117
5.84095
5.52901
6.23723
5.16843
6.01096
5.98158
5.32654
5.8821
5.32731
5.70993
6.40005
6.43356
6.79916
6.44776
6.09565
6.08156
6.55654
6.00467
6.02097
5.40821
7.08423
5.70145
6.6554
6.35472
5.245
5.84542
6.84675
5.5115
6.64809
5.63573
5.05859
5.49137
7.37761
4.7663
6.06871
6.16307
7.02507
5.60763
5.5865
4.67807
5.59626
7.1408
6.78849
6.44865
5.87781
6.76024
5.96026
5.90432
6.11918
6.72383
6.35272
6.21891
6.26692
