-0.0452059
-0.270431
0.271423
-0.740419
0.0258648
0.22528
0.275105
-0.012834
0.05349
-0.433371
0.0519907
-0.871657
-0.0845965
-0.249586
0.0250707
0.0632129
-0.124725
0.279958
0.375723
-0.119791
-0.29928
-0.12088
-0.203127
-0.0350187
0.282161
0.239193
-0.105933
0.112888
-0.00911187
0.36889
-0.411679
0.168977
0.0404201
-0.0771591
0.146637
0.74108
0.187784
-0.281809
0.15886
0.374775
0.061616
0.153942
0.333761
0.777898
0.299414
0.258959
0.40124
-0.342446
0.0213719
0.438537
-0.0570331
-0.130973
-0.310114
0.350952
-0.0361284
0.424175
0.243646
-0.172033
-0.305768
0.218212
0.461459
0.480877
0.306261
0.0648819
0.37225
0.153381
0.333113
0.551534
-0.340716
0.968726
-0.232336
-0.00371215
-0.0726757
-0.00804521
0.455101
0.206218
-0.00294904
-0.00785116
-0.211346
0.217766
-0.69754
-0.272803
-0.337228
0.167141
-0.0251463
0.0354294
0.115121
-0.511346
-0.178424
-0.412644
0.730362
0.618191
-0.0845688
0.384153
0.15727
0.190091
-0.0468307
0.219458
0.237851
-0.0365333
0.318292
-0.383687
-0.368684
0.065692
0.110795
-0.239571
0.104633
0.395696
0.291778
0.0659197
0.236894
0.0370298
-0.275691
-0.694248
-0.997749
-0.389522
0.30661
-0.210957
0.102886
-0.0111862
-0.0588716
-0.175035
0.193798
0.077113
0.158043
0.401821
0.0206981
0.275313
0.147442
0.165365
0.281533
-0.554795
-0.122876
-0.332862
-0.336308
0.121569
0.244333
-0.0440782
0.730867
-0.252888
0.29304
0.353108
0.127235
0.202853
-0.0245586
-0.0483887
0.25225
0.893849
-0.678351
-0.0763044
0.228453
-0.212508
-0.12683
0.132329
0.399574
-0.317035
0.504957
0.618741
0.182221
-0.511703
0.178237
-0.0619
0.174022
0.16917
0.0530451
0.458795
0.0763506
-0.198029
-0.113322
0.406372
0.0536604
-0.499579
0.0620655
-0.312081
-0.912169
-0.0650583
0.846762
-0.0481053
0.55501
0.157225
-0.450207
0.619486
0.493461
0.521724
-0.0869716
0.308057
0.200984
0.164899
0.336651
0.536411
-0.2014
-0.0947003
-0.383506
0.0541499
-0.224008
0.276819
0.0788268
-0.236225
0.0322771
0.00480253
0.343682
-0.374021
-0.0404457
0.122015
0.546602
0.180814
-0.431421
-0.113915
0.295044
0.215201
-0.202449
-0.211522
0.199289
-0.0786967
-0.415137
-0.397662
-0.0282685
-0.413657
0.300981
-0.649174
0.0722291
-0.0683305
-0.189465
0.675972
0.347296
-0.305607
-0.0855207
0.434183
0.0822792
-0.462632
0.386741
0.0287034
-0.31296
0.0425216
-0.122019
-0.227403
-0.146891
-0.373626
-0.0886192
-0.182044
0.203654
0.126653
-0.0496723
0.0175978
0.255036
0.497357
0.443645
0.105475
0.275612
-0.238576
-0.554044
-0.0946377
0.0915689
-0.265763
0.0347815
0.00367067
0.23894
0.0402365
0.576463
-0.349646
0.275812
-0.512945
0.555655
0.0474907
0.280197
-0.103154
0.0310637
0.273313
0.168576
0.152959
0.568284
0.4106
0.194227
0.0454578
0.113815
-0.504075
-0.691717
-0.35461
0.114583
-0.384474
-0.465834
0.295095
-0.371914
-0.507049
-0.744515
0.169996
0.198581
0.494461
0.384975
-0.319359
0.136152
0.336449
-0.289263
-0.250051
0.681608
0.407141
0.456591
-0.661647
0.267044
0.0761107
0.293681
0.473802
-0.213805
0.053654
-0.121585
0.159531
-0.109531
-0.225067
-0.889179
-0.341317
0.435025
-0.150453
-0.00430643
0.0167388
0.193904
-0.319949
0.226092
0.137508
-0.881673
-0.135097
0.226508
0.0540346
-0.899473
-0.0410899
0.117047
0.206822
-0.0290799
0.587757
0.525358
-0.287676
-0.0123373
0.245976
0.122121
-0.713552
-0.0586519
0.181299
0.0952259
-0.106711
-0.275771
3.71966e-05
0.357757
0.545412
-0.642097
-0.246738
-0.39555
-0.66997
0.160097
0.577181
0.282376
0.312197
-0.0745602
-0.078707
0.148427
-0.838409
-0.57471
-0.461521
0.470295
0.488112
-0.34664
0.158988
-0.236476
0.244428
0.367666
0.36034
-0.463833
-0.570405
0.315043
-0.124117
-0.643372
0.296333
0.159931
-0.0593504
-0.179977
0.191925
0.260849
-0.530971
-0.143383
-0.0784635
0.204061
-0.07587
-0.481526
-0.565401
-0.0649414
0.102604
0.146155
-0.192919
-0.198928
0.0599394
-0.00846565
0.254437
-0.0765884
0.153106
-0.0793812
-0.201875
0.199145
0.637432
0.0924969
-0.101959
0.100988
-0.812425
-0.296361
-0.339128
-0.164106
-0.962888
-0.19735
-0.231917
-0.188165
-0.00918401
0.0985221
-0.189823
0.359577
-0.102238
-0.522253
0.131917
-0.7352
-0.651556
-0.463298
0.369786
0.229937
-0.26309
-0.203421
-0.641563
0.181506
-0.108327
0.645764
-0.532112
0.313799
-0.412018
0.190969
-0.0225338
-0.197436
0.492149
0.463877
0.290906
-0.530578
0.0392793
0.00141311
-0.147154
0.775929
0.163364
0.499379
0.346539
0.0577842
-0.811855
0.103362
0.551331
0.369597
-0.728911
-0.100276
0.00991204
-0.73967
0.300153
-0.322143
-0.402603
0.11252
0.214773
0.0436689
-0.404618
0.348258
-0.111242
-0.0094069
-0.399451
-0.422087
0.0521224
0.268688
0.168242
-0.875867
-0.385267
0.561974
0.810692
-0.018217
0.893055
0.19755
0.0923436
0.0521239
0.475223
0.379017
-0.183172
-0.40604
0.341204
-0.48131
0.267468
0.114963
-0.653544
-0.444254
0.133236
0.0357119
-0.804963
0.133602
-0.00713963
0.128083
-0.0866607
0.0346812
-0.347084
0.134605
-0.196228
0.714286
-0.0858952
-0.0352994
0.123882
-0.470415
0.791655
0.211701
0.568044
0.181035
0.152096
-0.573812
0.139201
0.27381
0.0829643
0.305662
-0.0382377
-0.447313
0.116574
-0.204506
0.126526
-0.0175725
-0.251174
0.0442373
0.00629619
0.0844931
-0.338707
-0.52725
-0.152447
-0.242068
-0.191728
-0.132625
0.000130012
0.318774
-0.0941903
0.0771358
0.469662
0.399568
0.157651
0.138396
0.291386
0.495884
0.0324058
-0.282545
-0.371891
-0.0533106
0.0807773
-0.216417
-0.156051
0.325761
0.466636
0.267976
0.277714
-0.233973
-0.0904063
0.108743
-0.0206882
-0.300574
0.0764094
0.273566
-0.13354
0.106223
0.500465
0.0445793
-0.434906
0.345565
-0.225993
-0.426845
0.465136
-0.418401
-0.406587
0.0891278
0.328632
-0.0349491
0.321051
0.525937
0.1198
0.0497568
0.338354
-0.0951923
-0.0225193
-0.208491
0.0625077
0.328876
-0.194272
0.341975
-0.20802
-0.158426
-0.168948
0.4366
0.625803
0.192961
-0.0294869
0.244021
-0.188512
0.190203
0.381834
0.0465426
-0.23866
-0.406339
-0.277763
-0.593608
-0.444215
-0.288167
-0.112806
-0.235087
0.620533
-0.323148
-0.694964
-0.367817
0.746455
0.453114
-0.175387
-0.0519005
-0.276237
-0.088598
0.351319
0.0561574
-0.0777877
-0.629354
-0.534099
-0.146918
-0.0762202
-0.0692213
-0.483174
-0.248872
-0.244807
0.211274
0.0529006
0.0790972
0.670691
0.763042
-0.722921
0.200951
0.169031
0.123424
0.231799
-0.457492
0.149852
0.541548
-0.549249
0.103443
-0.135272
-0.0383479
0.180669
-0.328575
-0.0630232
-0.477797
-0.832841
0.0129422
-0.559892
-0.119687
0.146521
-0.214069
0.274322
-8.85804e-05
0.482458
0.436199
-0.346391
-0.358174
0.113811
-0.0568428
0.272564
0.476047
0.157548
0.143416
0.0990372
0.084605
-0.882483
0.244423
-0.0240485
-0.315297
-0.0523909
0.731313
-0.0413691
0.275637
-0.15632
0.154418
0.326922
-0.00103711
-0.171519
0.209308
0.429532
0.0680504
-0.796437
0.102829
0.0696951
-0.394798
0.160728
-0.0441139
0.659507
0.342271
0.410695
-0.332286
0.326787
-0.433358
0.224304
0.183293
0.127101
-0.721557
0.257679
0.657976
0.356542
0.0208035
0.00959174
0.438007
-0.0265339
0.624011
0.305536
0.253145
-0.0188383
0.435901
0.443594
-0.196853
-0.0606485
-0.190272
0.185767
0.430129
0.0170599
0.269056
0.218137
0.172607
0.317319
0.156108
-0.166823
0.531774
0.00235537
0.00179551
0.0470117
0.135842
0.0184095
0.171693
-0.419792
-0.109934
0.572652
-0.0293251
-0.17754
0.0619036
-0.104873
0.237424
-0.238911
0.573591
0.385085
0.124828
-0.0175198
0.181266
-0.139197
0.405289
-0.24919
-0.15301
-0.141636
0.261546
-0.0338339
-0.0712935
0.527623
0.231683
0.290927
0.040903
-0.180627
0.193008
0.0927851
0.434095
-0.114139
0.240151
-0.191358
-0.345632
-0.0558013
0.340304
-0.384058
0.164168
0.022077
-0.00805423
-0.143936
-0.113578
0.707998
0.281083
0.107581
-0.669263
0.255233
-0.378111
-0.220224
-0.029883
-0.172969
-0.112678
-0.471001
0.552508
-0.0826908
0.496263
0.378388
-0.193525
0.169136
-0.206432
-0.46676
-0.202605
-0.442282
-0.684101
-0.217189
-0.0619292
0.59858
-0.340217
0.466355
-0.0168586
-0.00428361
-0.0770754
-0.0478764
-0.317477
-0.518807
0.2868
0.128398
0.406192
-0.360432
-0.0392576
-0.308998
0.0316702
-0.0934827
-0.465503
0.239241
-0.123516
0.371078
0.35183
-0.0856972
0.143178
-0.138676
-0.206011
-0.454493
-0.266969
0.326099
0.45962
-0.157117
0.282002
0.318905
-0.157218
-0.46304
0.105794
0.489683
0.5521
0.397146
-0.674175
-0.486215
-0.224026
-0.887554
-0.448568
-0.589151
-0.0623657
-0.121324
-0.329425
0.560306
-0.49239
0.514999
-0.652592
0.531291
-0.435969
-0.228565
0.286752
0.149236
0.0622475
-0.059577
0.674835
-0.567251
-0.20894
0.0304325
0.430846
0.0523459
0.289625
0.17761
0.120393
0.062289
-0.0839042
0.247202
0.304101
0.603205
0.133807
-0.137606
0.204629
-0.325585
-0.331168
-0.159142
-0.647242
-0.222325
-0.532886
0.031942
-0.0804496
0.120047
0.554186
0.0821492
-0.602225
0.210447
-0.190089
0.157754
0.148815
-0.581444
-0.092654
-0.43365
-0.0283009
0.243439
0.53523
0.108455
-0.212445
-0.47095
0.182624
-0.129687
0.0306655
0.297021
0.347918
-0.0876971
-0.525357
0.00969064
-0.495559
0.480792
-0.189399
-0.217644
0.178854
-0.212735
-0.0750426
-0.168603
0.196063
0.144309
-0.49423
-0.467612
0.116608
0.15694
-0.42406
-0.0889612
0.754996
0.111038
0.301432
-0.365138
-0.738571
-0.496732
-0.0419701
-0.167471
-0.271118
0.656654
-0.103542
-0.63144
-0.177268
-0.07038
0.224826
0.0896689
-0.0218225
0.160737
-0.000238771
0.294118
0.121663
-0.0107317
-0.14825
0.280745
-0.514054
0.359045
0.0257161
0.0942373
0.202229
-0.204606
0.210311
-0.26259
-0.585566
-0.0420261
0.224092
-0.332814
-0.335786
-0.484423
0.193624
-0.11472
0.479571
-0.0278104
-0.372921
-0.275591
-0.0831489
-0.387981
-0.160429
-0.0387697
0.148521
-0.0817431
-0.116397
0.306891
-0.35644
-0.132284
-0.764661
-0.20791
-0.358926
0.565195
-0.0919762
-0.0208215
0.257308
0.137329
-0.150985
0.305884
-0.244189
0.186479
0.413501
-0.330291
-0.616257
0.0416713
-0.540696
-0.388001
-0.101055
-0.135643
0.182953
0.30695
0.284443
0.110487
0.40792
-0.0194843
-0.362872
-0.210987
