0.06531
-1.4939
-1.35128
-0.583573
-1.40669
-1.16318
-0.547278
-0.920157
-1.11482
-0.924876
-0.902854
-1.00695
-1.31798
-0.849886
-1.13275
-1.48594
-1.17148
-1.24567
-1.4183
-1.4284
-1.80659
-1.30057
-1.45195
-0.594618
-1.0794
-0.704808
-1.00032
-1.15121
-1.09659
-1.46734
-1.33704
-1.56582
-1.68577
-1.01691
-0.940352
-1.02721
-0.952338
-1.59938
-0.967188
-1.58339
-1.54549
-1.14788
-1.43496
-1.3448
-1.63442
-1.54735
-1.10834
-1.63639
-1.34149
-0.717673
-1.41193
-1.21007
-1.52696
-1.23833
-0.979466
-1.48303
-1.20211
-1.74216
-1.32226
-1.14457
-1.46717
-1.14032
-0.923974
-1.26986
-1.4969
-1.18507
-1.03584
-0.988646
-0.968263
-1.16884
-1.61903
-1.29558
-1.60825
-1.2059
-1.17224
-1.22133
-0.882639
-1.03882
-0.428045
-1.26574
-0.814917
-1.52685
-0.920396
-0.816403
-1.24677
-1.04127
-1.28798
-1.73911
-1.04944
-1.09059
-1.15096
-0.942047
-1.52104
-1.75362
-1.32276
-1.55839
-1.39487
-1.25595
-1.20272
-1.06152
-1.02025
-1.20938
-1.10073
-0.949289
-1.02232
-0.980622
-1.60631
-1.55615
-1.70318
-0.829527
-1.5517
-1.31787
-1.46962
-1.52463
-1.00141
-0.981201
-1.45597
-1.20608
-0.518244
-0.758784
-1.54278
-1.16365
-1.26184
-0.7005
-1.47217
-0.986659
-1.04043
-0.402394
-1.2022
-0.849463
-0.252243
-1.11348
-1.37961
-1.02552
-1.08299
-1.37656
-1.45521
-1.19782
-1.51386
-0.198513
-1.55818
-1.01369
-1.82001
-1.2478
-0.818918
-1.35004
-1.05205
-1.40126
-1.2289
-0.988537
-0.791534
-1.01585
-1.63855
-1.5598
-1.16826
-0.882238
-1.17461
-0.595789
-0.42533
-1.29959
-1.44124
-1.29165
-1.01179
-0.983594
-1.0523
-1.59868
-0.895704
-0.929576
-1.39592
-1.37176
-0.533672
-1.21761
-1.29814
-2.36845
-0.757672
-2.08563
-1.48975
-1.94205
-1.05547
-0.935549
-1.04874
-0.512313
-1.15253
-1.12377
-1.18375
-0.953213
-1.07937
-0.983551
-0.560574
-1.84419
-1.35388
-0.756544
-1.3342
-1.31414
-1.33257
-0.602547
-0.790048
-0.910222
-1.1164
-1.23101
-1.42938
-1.65103
-1.34375
-1.87044
-1.3958
-1.25269
-1.18966
-1.26246
-1.20267
-1.56495
-0.848583
-1.49109
-1.35137
-1.48026
-0.617743
-0.985368
-1.53818
-1.38085
-1.23918
-1.26685
-0.93936
-1.35625
-0.972891
-1.14968
-1.56405
-1.5108
-0.984883
-0.945321
-0.433767
-0.969684
-1.09962
-0.985497
-0.555332
-1.06296
-0.890885
-0.672875
-1.00664
-0.995093
-1.08096
-0.56374
-1.49388
-1.29911
-0.568021
-1.57992
-1.04372
-0.549817
-0.388214
-1.6646
-1.14794
-0.985595
-1.10307
-1.07306
-0.974832
-1.18283
-1.08447
-1.6591
-1.02615
-1.24982
-1.41914
-2.14508
-1.1538
-1.45557
-1.85314
-0.6942
-0.926305
-1.19882
-1.22271
-0.901821
-1.20483
-1.456
-1.08192
-1.53982
-1.31583
-1.16147
-0.608501
-0.622965
-1.65716
-1.05001
-1.13706
-1.03878
-1.54317
-1.01965
-1.53745
-1.01238
-1.36959
-1.25527
-1.07018
-0.996322
-1.10218
-1.87247
-1.46462
-0.319466
-1.08498
-1.02662
-1.06599
-1.13663
-1.30331
-1.24164
-0.731739
-0.889694
-1.06218
-1.83761
-1.93717
-0.968006
-1.36875
-0.928376
0.262139
-0.914149
-1.16319
-0.824655
-1.04052
-0.696395
-1.70469
-0.925821
-1.26044
-1.77616
-0.884209
-0.805725
-1.28952
-1.63749
-1.41718
-1.50906
-1.23761
-1.12225
-0.840529
-1.75963
-1.56497
-1.08363
-0.81276
-1.43881
-1.39864
-0.191073
-1.3767
-0.716858
-0.791929
-1.32694
-1.7917
-0.959965
-1.45262
-1.14212
-1.85798
-0.993388
-0.838115
-0.84622
-1.16621
-1.11704
-0.878732
-1.29834
-0.967196
-1.21541
-0.822568
-0.588671
-1.10172
-0.955814
-1.25843
-1.01671
-1.74092
-1.50463
-0.72924
-0.944384
-0.530342
-1.21145
-1.54089
-1.20343
-1.17883
-1.22957
-1.35692
-1.35555
-0.558029
-0.849944
-0.49926
0.058501
-0.583706
-1.38766
-2.01541
-1.19865
-0.99211
-1.15307
-1.86168
-0.813596
-1.58201
-1.61255
-0.720332
-1.19757
-0.687322
-1.10244
-0.903426
-0.835511
-1.12105
-1.70894
-1.71258
-0.703062
-1.51743
-1.16522
-1.67365
-1.35279
-0.625933
-1.14357
-1.09315
-0.854535
-1.01902
-1.32432
-1.73326
-1.38391
-0.952342
-0.995074
-1.05654
-1.51536
-0.861325
-1.00059
-0.780727
-0.842046
-1.66355
-1.66968
-0.719845
-0.904984
-1.6657
-0.784089
-0.885193
-0.981491
-1.40337
-1.18378
-0.616085
-1.00091
-1.18545
-0.724741
-1.08414
-1.80744
-0.894447
-1.28914
-1.05304
-1.42319
-1.02101
-1.08702
-0.852528
-0.52751
-1.23708
-0.204356
-0.918368
-1.1954
-1.24251
-1.55537
-1.12137
-0.811338
-0.66365
-0.822069
-1.1976
-1.36753
-1.00143
-0.895012
-0.999926
-1.14652
-0.808843
-1.04086
-1.18734
-1.1016
-1.27003
-1.00917
-0.665109
-1.35812
-1.55913
-0.510418
-0.969022
-1.19969
-1.03366
-1.26767
-1.39924
-1.33326
-0.95598
-1.73443
-1.15654
-1.63885
-1.55774
-0.288043
-1.28005
-0.89729
-0.693153
-1.24221
-0.833426
-1.28583
-1.36854
-1.26846
-0.911363
-1.07235
-1.15927
-0.992668
-1.30563
-0.781272
-0.812735
-1.49865
-1.31135
-0.573703
-1.60791
-1.40742
-0.770928
-1.2758
-0.391898
-1.79837
-0.817905
-1.13526
-1.15928
-0.520384
-0.53671
-0.98452
-0.770643
-1.18885
-1.30167
-1.6967
-1.19201
-1.42341
-1.28902
-1.10604
-1.31603
-0.715114
-1.15872
-1.37899
-0.496836
-0.679369
-1.4124
-1.30608
-1.34706
-1.52418
-1.59997
-1.45426
-1.32515
-0.75341
-1.24673
-0.869376
-1.44355
-0.376265
-0.733709
-1.57955
-1.28082
-1.10093
-0.975748
-1.02096
-1.27255
-1.64447
-1.44354
-0.949152
-0.920104
-0.894124
-1.39111
-0.997959
-0.726269
-1.26906
-1.1223
-1.14749
-1.31906
-1.04073
-1.86955
-0.989864
-1.21188
-1.40534
-0.364247
-1.32695
-1.15469
-0.915444
-0.717259
-1.74235
-1.21389
-1.41209
-1.16397
-1.49144
-1.61968
-1.25302
-1.84306
-1.30424
-1.12259
-1.17047
-0.74313
-1.18913
-1.15235
-1.24214
-0.727844
-0.929053
-1.58131
-1.24057
-0.798215
-0.821261
-0.615467
-1.39095
-1.02482
-1.15583
-1.65769
-0.879573
-1.75437
-0.965327
-0.604298
-0.965899
-0.883551
-1.45374
-2.01138
-0.797621
-0.65981
-1.39486
-1.45713
-0.930108
-1.49162
-0.33169
-0.409186
-1.00835
-1.87796
-0.903244
-1.27773
-1.14208
-0.926012
-1.09011
-1.34465
-1.22512
-0.423412
-1.26996
-1.13432
-0.795832
-0.501162
-1.37637
-1.16904
-1.20519
-1.25748
-1.44073
-1.10529
-1.38
-1.10593
-0.75497
-1.39582
-1.50225
-1.42233
-1.56784
-0.915
-1.50053
-1.17076
-1.11015
-0.740541
-1.89083
-1.11222
-1.31564
-0.869201
-0.752901
-0.926453
-1.61428
-1.33212
-1.02723
-1.08686
-0.953442
-1.02052
-1.40805
-0.482804
-0.510505
-1.34175
-1.47672
-1.32069
-0.393644
-1.08969
-0.795451
-1.52121
-1.18522
-1.05416
-1.46492
-1.29169
-1.05549
-0.804524
-1.46221
-1.8069
-1.32613
-1.55213
-1.36408
-0.748801
-1.26567
-0.712716
-1.23145
-0.735454
-1.01708
-1.40061
-1.12472
-1.33987
-1.6101
-0.621347
-1.55832
-1.28516
-1.6744
-1.02248
-0.974009
-1.29923
-1.26222
-1.3197
-1.11597
-1.60136
-1.15831
-1.3052
-0.9566
-0.735773
-1.24504
-0.780817
-1.18184
-1.12626
-1.15586
-1.36684
-1.07659
-1.7021
-0.539937
-0.889772
-1.75202
-1.15136
-1.71804
-1.09577
-0.535767
-1.04324
-1.12488
-0.968224
-1.46224
-1.10247
-0.99978
-1.50868
-0.578485
-1.46138
-1.07888
-0.785707
-1.58518
-0.990345
-0.860344
-1.00789
-1.97296
-1.43681
-1.02787
-1.76995
-0.988542
-0.988339
-0.994405
-1.24202
-1.00412
-1.03072
-0.528409
-0.295006
-1.59985
-1.67207
-1.21527
-0.584078
-0.958027
-1.17916
-1.74401
-0.915481
-0.987896
-1.43114
-1.24005
-0.561462
-1.81405
-0.617954
-0.791825
-1.00301
-0.759198
-1.01291
-1.19151
-1.32829
-1.28293
-1.35437
-1.40167
-1.82439
-1.0132
-0.954273
-1.04314
-1.55187
-1.19153
-0.652661
-1.55977
-1.23523
-1.37486
-0.881101
-0.998121
-1.82559
-1.15759
-0.669603
-0.962391
-1.03551
-1.08082
-1.03462
-0.935084
-1.0233
-1.18189
-1.04832
-1.38117
-0.844429
-1.40977
-1.19357
-0.748676
-1.44111
-1.1292
-1.55005
-1.07987
-1.37315
-1.43497
-1.1035
-0.785147
-1.13808
-1.09869
-0.999752
-0.0711537
-1.47269
-1.56701
-1.67065
-1.04058
-1.31912
-0.721036
-0.84725
-1.21179
-1.12833
-1.19163
-1.03315
-1.09129
-0.541843
-0.684905
-0.965547
-1.25966
-0.982574
-1.44696
-1.04546
-1.22629
-0.824806
-0.907741
-0.963329
-1.27144
-0.829907
-0.912175
-1.72989
-1.12493
-1.04606
-1.3635
-0.854374
-1.40267
-0.693795
-1.37647
-1.45554
-1.93552
-0.782084
-1.04215
-0.77833
-1.52795
-0.751283
-0.957504
-1.61363
-1.86349
-0.876608
-1.80788
-1.14594
-1.638
-0.887364
-0.751469
-0.738704
-0.732528
-0.75172
-1.18629
-0.696828
-1.10787
-1.70629
-1.06931
-1.09365
-0.884289
-1.33801
-1.75933
-1.23998
-1.35164
-0.846945
-1.14371
-0.978275
-1.15467
-1.18998
-1.21933
-1.76581
-1.61669
-1.2443
-1.53547
-0.498567
-0.840568
-1.30789
-0.52894
-1.59798
-1.59277
-1.32626
-1.30043
-0.775069
-1.12989
-1.04721
-0.419525
-0.858561
-1.44606
-1.18807
-1.08739
-1.42633
-0.979973
-1.35545
-1.47073
-1.24095
-1.49397
-0.852137
-1.63335
-1.02615
-1.40761
-1.07925
-0.765063
-0.626231
-0.827761
-1.16703
-1.02792
-1.46837
-1.17706
-1.32426
-0.997186
-0.943574
-1.08393
-1.12556
-0.843724
-0.372106
-1.30994
-1.05553
-0.903286
-0.866574
-1.66669
-1.1056
-1.97368
-0.874228
-0.97739
-0.522096
-1.13558
-1.27809
-1.1655
-1.21175
-0.212387
-1.06027
-0.87378
-0.488947
-1.16065
-1.60885
-0.435995
-1.55971
-1.0336
-1.45182
-1.42853
-1.91324
-1.26923
-1.29427
-0.944153
-1.26843
-1.86151
-1.54145
-1.07328
-0.931688
-0.766117
-1.53287
-1.7176
-1.23305
-1.39534
-1.17419
-0.752074
-1.18983
-1.66243
-1.31953
-1.15628
-0.922964
-0.971679
-0.409022
-1.31395
-0.850139
-1.71423
-0.918139
-1.33004
-1.6127
-0.621366
-0.917359
-1.59844
-0.945706
-1.43134
-0.524237
-0.914812
-0.925233
-1.14116
-1.62517
-1.01513
-1.63628
-0.938772
-1.12136
-0.914684
-0.769886
-1.7855
-1.61261
-1.01017
-0.539205
-1.16135
-0.772049
-1.63075
-0.947528
-0.785867
-0.831108
-0.949875
-1.23124
-1.02772
-1.12909
-1.26425
-1.28162
-1.06311
-1.60359
-1.3578
0.462348
0.62935
0.114132
0.279887
0.376774
1.00642
1.06251
0.989518
0.454673
0.44232
0.509615
0.371825
0.405856
1.29453
0.365135
0.0146652
0.220133
0.70447
1.22163
1.05498
-0.132561
0.656118
1.05799
-0.107872
1.18373
0.462364
0.460115
0.240695
0.429953
0.28149
0.762998
-0.08653
0.12706
0.432538
0.278315
0.542712
0.655615
1.27628
0.144024
0.419697
1.11542
0.734669
0.310085
0.746875
1.30068
-0.297844
0.239585
0.788803
0.452227
0.824824
0.20528
0.326851
0.382658
0.707271
-0.204329
0.409407
1.10882
0.440591
0.516157
0.00850595
0.139121
0.487377
0.281435
0.612356
1.14143
0.246521
1.44004
0.180895
1.00633
0.183019
0.25425
0.459022
0.858356
-0.0462927
0.919127
0.820014
0.878972
0.171247
0.00337618
0.917697
0.0690487
0.692782
0.653728
0.499118
0.362944
1.063
0.173951
0.628565
0.346895
0.85773
0.53838
1.27175
0.675242
1.23661
0.0169403
0.441217
-0.285353
0.286676
0.314588
0.679805
0.461892
1.42748
0.487317
0.0157734
-0.298675
0.690729
0.376247
0.49159
0.757617
-0.0738706
0.840146
0.299388
-0.55894
0.0224442
0.702569
0.132756
-0.0322569
0.34789
0.755573
0.512826
0.732513
0.872984
-0.725144
0.849619
0.334915
0.60094
0.441538
0.446989
0.245884
0.416876
0.261219
0.422988
1.02089
0.631947
0.563137
1.02431
0.802962
0.183558
0.54383
0.694124
-0.600167
0.145576
0.671259
0.767022
0.534775
0.74505
0.596063
0.461911
0.911686
-0.113395
0.757835
0.55579
0.0075883
0.44264
0.809479
1.62965
0.242301
0.257163
0.432801
0.769802
1.15315
1.07365
0.360973
0.446282
0.483901
0.603037
0.347005
0.193761
0.992603
0.918259
-0.276331
0.132634
0.804255
0.801866
0.478822
0.0143931
0.57606
0.330928
0.518621
-0.116911
0.162575
0.147384
0.34687
0.181119
0.0319452
0.0693571
0.535128
0.570644
0.447973
-0.0722987
0.483333
0.966277
1.08382
0.110107
0.29982
0.53599
0.341209
0.823575
0.20808
0.808505