9.39808
9.79097
11.6965
10.8068
11.1694
9.99742
11.6865
11.4799
8.57114
9.53423
10.1639
10.4638
9.88895
9.19598
10.982
10.5744
9.35619
11.8276
9.48693
9.58707
9.08921
10.9027
10.4928
10.9895
9.03436
9.93354
9.75804
11.1349
12.0093
7.94519
10.3614
9.85985
8.89429
7.55212
9.38539
11.217
10.5095
10.3474
9.62809
10.5131
9.69586
10.4756
10.0824
10.8331
9.44588
10.3244
11.3986
10.3784
10.8027
7.51317
11.3429
11.1031
10.2589
10.6576
9.42981
10.1997
7.87116
9.57509
10.8787
10.9534
11.542
11.089
10.9976
11.4613
9.86769
10.8853
10.2006
11.3366
10.4654
9.25564
10.7483
10.3357
10.4989
9.43335
9.89818
10.109
10.774
9.99928
8.12888
10.4505
10.511
9.40707
10.4547
10.207
8.43597
10.2534
10.214
9.79516
10.1009
10.9952
9.25145
11.3139
10.4042
11.3218
10.5133
10.9976
10.8983
10.0898
11.4396
8.94702
