2.39372
2.45089
2.28979
2.2747
1.99532
2.52327
2.19884
2.05068
1.90965
1.75779
2.17989
1.74371
1.89527
1.53018
2.21419
2.21116
2.03159
2.13129
2.14435
1.91771
2.22633
2.26102
1.78035
2.24011
2.39251
2.19198
2.02071
2.42204
2.10929
2.32784
1.94383
2.22091
2.22096
2.2008
1.65395
2.05473
2.08666
2.15382
1.90956
1.91904
2.19859
1.83945
2.13841
1.97279
2.17571
1.8782
2.2342
2.07267
2.12711
2.15419
2.10868
2.16618
1.97433
1.59528
2.39177
2.06132
2.34408
1.85598
1.85011
1.95672
1.91469
2.34898
2.47183
2.2802
1.96121
2.17904
2.06851
2.20305
2.246
2.04341
2.27214
1.8263
1.57198
2.03382
2.48808
2.18139
2.17637
2.44602
1.71058
2.16975
1.7485
2.08427
1.83642
2.1086
2.09623
2.09369
2.48812
1.75102
2.14842
2.0541
2.27456
2.02331
2.33785
1.74194
2.13603
2.22727
2.22149
1.82911
2.10806
2.0771
