10.0173
10.436
12.4671
11.5189
11.9053
10.6561
12.4565
12.2362
9.13585
10.1624
10.8335
11.1533
10.5405
9.80186
11.7055
11.2711
9.97262
12.6068
10.112
10.2187
9.68805
11.621
11.1841
11.7135
9.62959
10.588
10.4009
11.8685
12.8005
8.46866
11.044
10.5095
9.48029
8.04969
10.0037
11.956
11.2019
11.0291
10.2624
11.2058
10.3347
11.1658
10.7467
11.5468
10.0682
11.0046
12.1496
11.0622
11.5145
8.00818
12.0902
11.8346
10.9348
11.3598
10.0511
10.8717
8.38975
10.2059
11.5954
11.675
12.3024
11.8196
11.7222
12.2164
10.5178
11.6024
10.8727
12.0835
11.1549
9.86545
11.4565
11.0167
11.1906
10.0549
10.5503
10.7751
11.4838
10.6581
8.66445
11.1391
11.2036
10.0268
11.1435
10.8795
8.99178
10.929
10.887
10.4405
10.7664
11.7196
9.86097
12.0593
11.0896
12.0677
11.2059
11.7221
11.6164
10.7546
12.1933
9.53649
10.1533
11.4597
10.7826
10.2155
8.71618
12.3459
11.0774
10.6929
11.4388
11.9149
11.5945
12.0763
10.2569
11.2126
11.9466
9.59242
10.8205
13.0492
12.0713
10.6602
12.515
8.99989
12.0708
9.37366
11.377
11.817
11.1475
9.87158
11.9545
11.8126
12.2445
10.1985
8.03675
10.3174
10.0259
11.1369
11.1029
11.8734
10.663
11.0478
10.4348
12.3879
11.419
10.8081
12.0036
10.9521
11.7161
10.5425
9.97948
11.2578
9.32865
10.8494
10.7963
9.61403
10.6168
9.61543
10.306
11.5516
11.6121
12.272
11.6378
11.0022
10.9768
11.8341
10.838
10.8674
9.76145
12.7865
10.2907
12.0125
11.4698
9.46686
10.5506
12.3579
9.94787
11.9993
10.1721
9.13041
9.91154
13.3161
8.60284
10.9536
11.1239
12.6798
10.1214
10.0832
8.44359
10.1009
12.8887
12.2528
11.6394
10.609
12.2018
10.7579
10.6569
11.0447
12.136
11.4662
11.2247
11.3114
9.25351
10.444
10.2141
11.6034
9.65408
10.2282
9.24951
11.4047
10.5238
11.2569
13.1134
9.76889
10.3827
12.664
10.2084
11.9612
11.7689
10.1169
11.9553
9.36992
10.191
12.2006
11.5493
9.33164
11.8184
11.3876
10.6462
9.66686
11.2751
10.106
10.4735
10.1724
10.9971
10.3357
9.84247
10.6354
11.0084
9.17492
12.2842
7.96522
9.53048
9.57663
9.13542
8.63857
9.24744
11.6691
12.1695
12.5904
10.9077
10.7331
10.2187
10.1736
9.65845
12.473
11.0517
8.99716
9.89755
10.7887
9.75106
11.555
10.2319
10.4906
11.8742
10.264
10.9608
9.52048
10.3662
9.46727
11.5257
11.7839
10.262
9.62621
9.30944
10.6843
9.26909
11.5863
10.9039
8.14148
10.0169
8.99798
11.2337
8.19079
8.40895
12.3443
11.0328
10.6246
9.19569
9.30843
11.4017
10.212
8.85307
9.49616
11.4531
10.191
11.0624
9.64656
8.61247
10.8802
12.2068
11.9662
12.264
12.5569
11.7316
11.6542
10.2229
12.9278
11.2656
10.5065
9.78392
9.00587
11.1685
8.93376
9.71025
7.83976
11.3442
11.3287
10.4087
10.9195
10.9864
9.82525
11.4064
11.5842
9.12147
11.477
12.2578
11.2304
10.353
12.4091
10.8068
11.9265
9.95905
11.3786
11.3789
11.2756
8.47387
10.5273
10.6908
11.0349
9.78346
9.83205
11.2643
9.42427
10.956
10.1075
11.1471
9.6228
11.4467
10.6192
10.8981
11.0368
10.8037
11.0982
10.1153
8.17331
12.254
10.561
12.0097
9.50895
9.47891
10.0251
9.80977
12.0348
12.6642
11.6824
10.0481
11.1642
10.5979
11.2872
11.5072
10.4692
11.6411
9.35688
8.05392
10.4201
12.7475
11.1762
11.1504
12.532
8.76402
11.1166
8.95828
10.6786
9.40877
10.8033
10.7399
10.7268
12.7477
8.97123
11.0073
10.524
11.6535
10.3663
11.9778
8.92467
10.9438
11.4112
11.3816
9.37132
10.8005
10.6419
11.1741
10.6226
9.37514
10.6131
13.0414
10.5633
10.4953
9.87669
9.58122
10.8934
9.52704
11.8631
10.7724
12.6356
10.4445
10.6117
8.98263
12.7867
12.3578
8.4246
9.93477
9.82518
10.0728
11.6583
10.5519
10.179
11.5278
9.58278
10.1979
11.4454
10.8547
12.7156
10.3387
10.8552
10.0624
10.2538
10.9909
11.5257
11.8998
8.53148
9.9289
11.636
9.96649
12.3799
10.8368
10.8501
11.2329
12.5845
9.5953
10.8378
10.3081
10.5963
11.8584
10.6806
11.6276
9.84244
11.2451
10.1089
11.9123
8.5202
11.1462
11.349
10.5875
9.87329
9.24573
11.3094
9.92342
12.0109
9.81983
11.9948
11.4773
10.1263
9.91252
10.1757
10.6986
12.1884
10.762
9.88723
8.9353
7.73816
11.3777
11.4926
9.79312
10.5044
11.5129
11.8076
10.5845
8.8168
10.8363
9.84092
9.82856
9.91287
11.3952
9.70187
10.3579
10.7504
11.2328
10.1124
11.5625
11.7465
11.7489
12.663
10.6533
11.2353
13.0013
10.9482
11.5949
10.7429
12.1874
11.8963
11.2352
10.7574
10.5009
12.3858
10.8712
9.30064
12.4675
10.8356
10.8976
10.2054
11.1621
8.97702
9.13095
7.78816
11.3188
12.8402
11.8102
12.1668
7.36625
10.6794
9.2319
11.1985
10.9274
11.9981
12.2484
9.8148
10.7237
10.0173
10.9807
12.6797
8.37272
12.0993
11.7161
11.5869
10.3581
8.83803
8.27254
11.7907
11.8546
10.9962
11.2102
11.001
10.0695
10.9586
11.4083
9.89123
9.52361
11.104
10.0146
10.8696
11.3385
10.917
10.4917
11.1002
9.88648
10.3523
10.3995
10.2085
10.9276
11.4706
11.4812
12.4457
10.8212
10.2018
8.8441
11.014
10.1282
10.8218
10.5836
12.2748
10.0215
10.173
13.1268
11.6799
11.5189
10.7728
10.9139
10.1956
11.2093
11.5666
11.8755
11.1146
11.3785
10.6857
10.3815
10.7123
10.4236
12.0429
11.5234
11.2131
11.6214
12.2264
11.3166
11.5794
11.5476
8.61359
10.1463
11.1849
11.3926
8.53489
10.0601
11.3204
9.62247
12.3939
10.3704
10.7833
8.69001
8.66944
11.4031
10.5961
11.4419
10.795
10.4766
10.5378
11.5069
11.4354
10.4713
8.03764
7.68013
11.9019
10.8897
9.97498
9.94498
9.00822
11.565
10.0661
12.3083
10.2993
11.0105
11.6325
11.102
11.0984
9.58823
10.1426
12.0945
10.5913
13.16
12.2989
11.2372
12.4266
10.1925
9.3027
9.66678
9.48867
10.4111
10.0524
11.0253
12.4793
10.3829
11.274
10.0821
9.26778
10.8024
12.5202
11.3097
9.82091
11.6283
9.48872
10.7239
12.0386
11.2055
11.9435
10.5384
10.575
10.6059
11.4339
10.588
11.8754
9.22591
11.0155
10.6415
8.04484
10.9153
10.6812
11.3023
10.9007
10.0206
11.8747
9.06378
11.896
10.2095
11.5267
12.7114
9.89003
11.2658
10.6096
12.0062
9.88382
11.7349
10.8107
11.241
10.9902
9.82568
11.2671
11.1379
11.7784
10.6922
9.66348
10.4397
12.356
11.1668
9.48984
12.0869
11.7702
9.3634
9.89459
9.73809
9.40948
10.6466
11.6774
10.6245
13.2216
10.3949
10.2885
11.829
10.5055
12.0884
10.9468
10.4412
9.75288
11.437
11.9277
10.1156
10.5488
9.49626
11.4014
12.1031
8.53465
12.4548
11.0695
11.951
12.0277
12.4145
11.8738
10.7913
9.99475
10.1327
9.79044
10.0522
11.4778
10.8401
11.4518
9.98187
9.4976
11.811
10.1403
12.2865
9.54207
11.2014
11.6446
12.712
10.434
11.6961
9.72484
12.2398
10.669
6.57064
11.3489
9.31378
12.8673
10.2966
10.7262
8.62144
11.2612
11.7195
9.89529
11.5202
10.9769
11.2722
10.5084
11.316
10.4036
10.0036
9.22458
9.06072
10.288
10.9373
10.3465
10.9081
9.46106
11.2507
11.5409
12.4216
11.7487
11.4952
11.0452
10.2728
11.4875
10.4378
12.1361
8.91166
10.8078
9.80393
11.5698
11.1356
9.66894
12.51
10.9595
10.5335
10.2419
11.2307
11.7997
8.47878
9.51838
9.35434
11.4633
12.5471
11.1708
8.88591
11.3593
9.02066
11.4357
10.6274
11.7288
9.50838
11.2825
12.5924
12.052
11.3991
8.96052
11.7119
11.2576
11.8739
10.729
10.602
10.3085
10.7709
11.9619
11.2017
11.1873
9.75786
10.8995
11.2411
8.15296
13.3114
15.1406
11.4815
11.5915
10.8203
10.0913
12.0803
11.1063
13.7439
11.2923
10.7719
10.7182
10.8297
12.1716
9.14519
12.0409
10.398
9.18342
10.6166
11.032
11.4659
9.86474
10.6874
9.54602
11.5522
11.3358
9.48471
9.12202
12.3247
11.0467
8.80076
10.1488
10.3297
7.70874
12.0606
12.6815
9.89357
10.5917
11.4377
11.3907
12.5875
10.4428
12.1126
9.17153
9.52277
10.8282
10.5559
12.268
10.7551
10.7249
12.1161
10.4639
10.515
10.1666
10.8938
9.65328
11.9771
12.6971
10.4759
10.2897
11.3228
9.36492
9.82521
10.4892
9.88778
8.25834
11.1854
9.84099
9.87338
10.6034
9.44602
12.456
7.59794
8.93908
10.3852
9.72047
9.77851
11.6387
9.46818
12.6504
9.61354
10.0769
10.4938
11.1997
10.0094
12.0797
9.47276
10.1413
9.35287
10.1126
10.8595
9.8407
11.2588
10.5384
12.5884
10.7229
10.7589
11.2797
10.1646
8.24597
10.4928
10.9512
11.8888
9.95548
10.5725
9.49441
9.02963
10.0841
10.6318
11.4211
11.0701
9.12578
9.9642
8.6569
10.3928
10.6321
11.1834
10.6262
10.7586
11.9755
10.0867
11.748
10.7607
10.1446
12.026
9.93306
11.1334
9.21434
11.2199
10.3681
10.5557
11.0548
10.657
11.0928
11.3577
10.8991
9.82158
11.1281
10.0289
11.5157
11.7396
9.91742
11.543
9.80978
10.641
10.3435
10.2762
10.0007
11.9611
9.65437
10.2078
10.7152
10.4154
8.6688
9.68376
10.3455
