3.95348
3.72942
3.52902
3.95253
3.35965
3.19063
3.2992
3.00311
2.87397
3.57679
3.90568
3.66142
3.89576
4.02173
3.27327
3.19884
3.60547
3.35065
3.92617
3.48348
4.38546
3.08922
3.14095
3.56863
3.959
3.75432
3.06127
4.14061
3.3118
3.70815
3.45279
3.10452
4.52706
3.65953
3.39476
3.66113
3.522
3.64732
3.76255
3.57718
3.6746
3.39498
3.65591
3.28441
3.57323
2.62004
3.03367
3.48902
3.46198
3.70777
3.7295
3.38494
3.71079
3.44668
3.56401
3.71453
3.44558
3.43769
3.45608
3.44135
3.78795
3.47813
3.86697
3.95221
3.30638
2.79105
3.19586
3.91908
3.78359
3.35872
3.50577
2.90304
4.07952
3.95523
3.6239
3.97047
3.85211
3.25571
3.52937
3.92279
3.78618
4.05561
3.96386
3.40279
4.039
3.39587
3.55914
3.08754
3.81974
4.02709
3.54459
3.81883
3.83203
4.11531
3.60752
4.01975
3.55843
4.33131
3.60031
3.86577
3.70826
3.13268
3.27994
4.01223
3.52468
3.07359
3.17158
3.69415
3.06
3.34586
4.05036
3.4383
4.10508
4.06951
3.38655
4.436
3.3649
4.56297
3.00444
3.40905
3.75499
3.3636
3.30652
3.84385
3.43881
4.05955
3.76706
3.47616
4.06155
4.58902
3.66851
3.87207
3.28116
3.11088
3.34117
3.66938
2.95985
3.97141
3.7201
3.79609
3.63329
3.51099
3.57077
3.81678
3.68891
3.8467
4.3794
4.42869
3.53869
3.57137
3.20965
4.82328
3.70554
3.5878
3.66512
3.65265
3.08729
3.76073
3.21784
4.4535
3.37935
3.87369
4.09211
4.02367
2.78084
3.21673
3.66321
3.33184
2.71415
3.84666
3.95222
3.2568
3.88998
3.54371
3.23041
2.99314
3.98678
4.22156
3.13455
3.55958
3.58882
4.05936
2.9287
3.64099
3.68848
4.07918
3.50643
3.49436
3.51704
3.07466
3.68546
4.29317
4.18359
3.398
2.88866
3.18611
3.49443
2.9302
3.43284
4.0869
3.42553
3.27424
3.97969
3.54582
3.1662
4.15989
3.82732
3.40712
3.49968
3.95043
3.64946
3.28832
3.702
3.79117
3.5432
3.33286
3.69221
3.56187
3.70381
3.8214
3.47519
3.55585
3.99703
3.21897
3.51005
3.20104
3.38054
3.07391
3.35735
3.81024
3.71404
3.6969
3.66996
4.05826
3.29835
3.42955
3.34035
3.41235
4.0617
3.42413
2.7758
3.79948
3.60913
3.84322
3.64515
3.41469
3.01896
4.21278
3.90027
3.41876
4.06569
4.35638
3.34049
3.30437
3.93508
3.8727
4.33156
3.52036
3.21678
3.64428
3.736
4.00525
3.28444
3.08798
4.00084
3.48083
3.77894
3.75534
3.33623
3.1906
3.43394
4.10802
3.65445
3.36916
3.81945
3.78973
3.5873
3.08497
3.69682
3.48693
3.49656
3.19875
4.14526
3.5635
3.12635
4.27052
3.56269
3.43416
3.54752
3.16669
3.58243
3.84319
3.46269
3.93157
3.41014
3.62159
3.49391
3.84904
3.45311
3.76944
3.66408
2.91786
3.31996
3.99265
3.51387
3.254
3.51088
3.49031
3.74638
3.96083
3.63129
3.72685
2.80839
3.11538
3.68533
3.22896
3.46536
3.29544
2.87631
3.82887
3.12246
3.80545
3.60755
4.23663
3.91966
4.14563
3.16194
3.90555
3.27279
3.46725
4.34771
3.78412
3.20868
4.27758
3.35692
3.73753
2.59556
3.69636
3.07621
4.11436
3.96334
3.97638
3.74088
3.09344
3.88966
3.28635
3.2349
3.12037
4.1088
3.41375
3.34725
3.53658
3.54258
3.83025
3.73969
3.33142
3.83566
3.82053
2.80279
3.29849
3.89607
3.56924
3.13616
3.32912
3.84002
3.10436
3.43947
3.8018
3.3425
4.23729
3.23335
3.76069
4.06865
3.79891
3.80223
3.38693
3.57999
3.88502
3.33942
3.56063
3.32673
3.81297
3.93743
4.37092
3.90062
3.82529
3.57533
3.81028
3.78812
3.76933
3.25538
3.61673
3.98012
3.26343
3.64839
3.31268
3.53458
2.92545
4.10691
3.60344
2.36445
3.74883
3.30074
3.43527
3.20004
3.37967
3.40938
3.39171
4.44632
3.47771
3.86324
3.78527
3.78443
3.90214
4.40437
3.70961
3.29065
2.69499
3.72379
3.55705
3.74593
3.83973
3.53251
3.51849
3.3385
3.48324
3.74785
3.54035
3.77525
4.08102
4.17044
3.55301
3.80349
4.03608
3.87603
3.61893
4.07033
3.4959
3.89316
3.58345
4.07237
3.85596
3.71439
3.88837
3.55923
3.83722
3.55863
3.57022
3.45753
4.02593
3.52906
3.64599
3.22078
3.59807
3.3572
3.85322
3.88509
3.63986
3.16313
3.74255
3.80501
4.16053
3.08792
3.27932
4.07401
2.87029
4.07734
3.68266
3.38157
3.35381
3.79029
3.28669
3.77141
3.88308
3.32446
3.33753
3.21333
3.78596
3.24063
4.07029
3.63523
3.11132
3.23178
3.11654
4.1024
3.21436
4.00319
3.79388
4.37164
3.25887
3.47759
3.50256
3.08416
3.45339
3.43379
3.06788
3.28711
3.26185
3.35351
3.05949
3.05359
3.57796
4.16418
3.46089
3.60883
3.62878
3.52998
3.71608
3.57114
3.29428
3.14499
3.26254
3.68235
2.95168
3.90409
3.82964
3.45334
3.37344
3.72438
3.44735
4.14693
4.06954
3.43238
4.19261
4.27686
3.39698
3.74831
4.07792
3.62896
3.74185
3.47789
3.27001
3.82262
3.85333
2.85749
3.54726
3.0179
3.45361
3.78506
3.76938
3.87269
3.36002
3.53544
3.97408
3.70905
4.12027
3.66551
3.59147
3.41265
4.02589
4.33898
4.10688
3.71429
3.36481
3.54638
3.7188
3.07438
3.44614
3.9355
3.49064
4.03533
3.6584
4.08657
3.90893
4.13742
3.33996
4.17301
4.00627
4.08555
3.4817
2.89625
3.35195
3.58288
3.90794
3.22902
4.16882
3.70758
3.87331
3.45984
3.79874
3.45509
3.47448
2.89651
3.96888
3.4789
3.95794
3.21102
3.61671
3.47378
4.09984
3.85865
3.7279
3.3347
3.23032
3.92782
3.71391
3.64923
3.32725
3.00908
3.56355
3.75612
4.43805
3.73561
2.77596
3.65143
3.2812
3.70828
3.72636
3.85252
4.5185
4.24994
3.30707
3.25526
3.39624
3.77622
3.69899
3.58159
3.55204
3.73602
3.39569
3.48545
4.10795
3.74707
3.8782
3.74364
3.63678
3.322
3.74478
3.67202
3.74277
4.13345
3.52697
3.36792
4.13424
3.01778
4.01076
2.85898
3.30872
3.46132
3.43078
4.17418
3.41368
3.13147
3.3345
3.64798
3.93886
3.48675
3.80995
3.03764
3.36288
3.50248
3.75389
4.09558
3.42495
3.93043
3.193
4.46331
3.59856
3.31643
4.00881
3.63928
3.25158
3.94523
3.40832
3.92873
4.17587
3.89377
3.36234
3.5941
3.64146
3.34938
3.66328
3.25274
4.11221
3.15333
3.63314
3.90862
3.94094
4.37813
4.1654
3.89067
3.24908
3.00205
3.90191
3.44833
3.22264
3.08872
3.80112
3.36914
3.86353
4.43122
3.01592
3.49073
3.51582
3.85956
3.96428
3.99354
3.47142
3.88802
3.67852
3.24739
3.75575
3.03302
4.01618
3.29588
3.81897
4.29124
3.89648
3.84637
3.39156
3.11316
3.60825
3.54441
3.72163
3.14712
4.07379
3.54014
3.67982
3.27921
3.60106
3.65511
4.13456
3.48574
3.99414
4.2536
3.51
3.58011
3.24205
2.90721
3.31192
3.38156
3.98586
3.29968
3.31296
3.70814
3.4211
3.27502
3.7185
3.86145
3.74707
3.38192
3.49221
4.29555
3.76182
3.39103
3.50541
3.60857
4.40401
4.04593
4.3665
3.23952
3.32547
3.44837
3.35855
3.87505
4.24797
3.9159
3.81041
3.46555
3.91724
3.42917
3.25852
3.42914
3.09469
4.22724
3.60286
3.64784
3.62689
3.96924
3.69922
4.28908
3.33782
3.74391
3.06629
3.78051
3.72845
3.32265
2.99326
3.27981
2.68693
3.60356
3.41427
3.63953
3.63489
3.38696
3.62596
4.02571
3.44862
3.84977
3.9824
3.46682
3.99424
4.16141
3.25566
4.41082
3.80924
4.1951
3.39123
4.31342
3.60184
3.39116
3.69732
3.58702
4.09363
3.68535
3.08738
3.72194
3.1996
4.24853
3.11086
3.90582
3.46429
3.53789
3.14226
3.53762
3.69145
3.29294
2.59649
3.60794
3.16621
3.99119
3.27008
3.61963
3.0205
3.64377
3.71394
4.3965
3.31513
3.83741
3.33241
3.51741
3.41832
3.44657
3.53102
3.97414
3.87319
4.05359
3.32394
3.10497
4.36176
3.95494
3.34986
3.53427
2.66844
3.60714
3.14192
3.74347
3.36172
3.97757
3.4777
3.68315
3.89476
4.00218
3.7124
3.4439
3.6466
3.55472
3.70361
3.69789
4.06585
2.96943
3.42957
3.72124
3.2966
3.48649
4.10176
3.69012
3.68108
3.28373
2.74332
3.70891
3.92305
3.87984
3.62591
4.05899
3.93753
4.18387
3.92186
3.82796
3.46204
3.23999
3.55645
3.42827
4.03092
3.76965
3.48948
4.10163
3.40462
3.62661
2.87378
3.456
3.33501
3.61159
3.73068
3.98732
3.4514
3.46374
3.6356
3.59977
3.33583
3.92244
3.89704
4.1125
3.48363
3.72497
3.9968
3.29981
3.42549
3.09406
3.67168
3.56571
3.67592
3.35007
2.88261
3.82951
3.45887
3.41206
3.37164
3.29814
3.3643
3.20838
3.3417
3.98634
3.52522
4.23266
4.0832
3.77421
3.36135
3.89533
3.49428
3.23733
3.45287
3.61951
3.11184
3.44025
3.10662
3.84951
3.85287
3.52338
3.83857
3.5901
3.83153
3.27216
3.48696
3.15044
3.46209
3.35068
4.17236
3.61084
3.66813
3.30416
3.62881
3.12797
3.98768
3.78057
3.68058
3.25249
3.97836
3.78653
2.7533
3.80578
4.27846
3.07267
3.46955
3.32302
3.69478
3.6051
3.30269
3.58609
3.73501
3.22936
4.07264
3.29344
3.25547
3.55872
3.66129
4.09246
3.78336
3.32992
3.38931
3.29949
3.73951
3.44594
3.53425
3.8148
3.53609
3.67561
3.77345
3.51533
3.6514
3.25957
3.87501
3.58452
3.52285
3.38218
3.84443
3.64793
3.34739
3.46611
3.59826
