1.33523
1.31581
1.68238
1.60331
1.45405
1.18917
1.83151
1.49738
1.59769
1.73152
1.27248
1.82624
1.5101
1.49488
1.56153
1.70577
1.62203
1.28363
1.63957
1.71443
1.4695
1.11969
1.38528
1.64916
1.39585
1.50702
1.80655
1.4053
1.50075
1.44022
1.47769
1.65313
1.71672
1.57117
1.64899
1.70665
1.45714
1.57268
1.48901
1.48741
1.53158
1.47624
1.56958
1.19443
1.42614
1.81985
1.61145
1.79784
1.42809
1.50818
1.65792
1.68431
1.50334
1.25393
1.40481
1.54906
1.54118
1.75118
1.73933
1.46553
1.57764
1.48485
1.60902
1.80493
1.51735
1.38692
1.68257
1.33805
1.83307
1.797
1.55397
1.45263
1.5642
1.49206
1.84989
1.69164
1.41639
1.44637
1.39055
1.33321
1.58197
1.58547
1.27473
1.6671
1.56753
1.39731
1.54719
1.4093
1.58645
1.50614
1.73044
1.59422
1.48495
1.50542
1.25204
1.32935
1.21919
1.51411
1.42104
1.46417
1.4484
1.38136
1.83257
1.5271
1.48263
1.40247
1.54715
1.67253
1.59886
1.67353
1.47339
1.95988
1.57495
1.66755
1.56071
1.62506
1.6847
1.63579
1.50047
1.4986
1.75526
1.52597
1.56143
1.28413
1.3182
1.7265
1.54195
1.55064
1.28909
1.49685
1.64085
1.51514
1.38787
1.4419
1.41155
1.63736
1.37468
1.72563
1.15945
1.79292
1.55765
1.50935
1.2736
1.57609
1.57679
1.40732
1.91427
1.62845
1.5885
1.73598
1.81761
1.86455
1.59853
1.24958
1.69855
1.38487
1.6453
1.53436
1.45704
1.51561
1.56803
1.90469
1.34558
1.54836
1.73681
1.44207
1.30343
1.68632
1.66131
1.45971
1.83359
1.40311
1.53527
1.53962
1.54793
1.57209
1.39149
1.69555
1.62407
1.7875
1.6491
1.52229
1.20908
1.57233
1.25967
1.42299
1.46684
1.84372
1.1392
1.63235
1.86646
1.52982
1.56763
1.64631
1.45847
1.61845
1.57485
1.43604
1.46156
1.37362
1.47368
1.28582
1.38853
1.25891
1.41092
1.54715
1.72231
1.43704
1.39767
1.43647
1.42558
1.56909
1.37869
1.68832
1.74389
1.33741
1.67958
1.6007
1.76343
1.44801
1.52447
1.29505
1.51114
1.55845
1.55962
1.27696
1.24655
1.53828
1.66782
1.54128
1.3935
1.60464
1.50355
1.5603
1.43415
1.43684
1.82411
1.47652
1.58593
1.65045
1.60835
1.31792
1.48278
1.2393
1.44315
1.37731
1.79237
1.60802
1.43412
1.6752
1.34956
1.63601
1.57845
1.59727
1.76476
1.39463
1.47742
1.53005
1.33502
1.24543
1.49762
1.61038
1.53062
1.51544
1.28654
1.66629
1.53014
1.4398
1.92978
1.52116
1.71384
1.55601
1.74267
1.49881
1.51248
1.69896
1.66923
1.37867
1.52231
1.41856
1.38151
1.54819
1.67531
1.53175
1.19357
1.61699
1.65464
1.67422
1.60218
1.71712
1.79459
1.65916
1.4404
1.42982
1.45517
1.45596
1.50967
1.28189
1.61141
1.39602
1.66262
1.77304
1.22923
1.83436
1.42072
1.74512
1.315
1.653
1.58804
1.90219
1.54249
1.30778
1.48066
1.73516
1.34705
1.64765
1.66177
1.80035
1.6098
1.57009
1.72808
1.50612
1.39866
1.72786
1.61593
1.61816
1.5551
1.613
1.42378
1.7844
1.68371
1.34872
1.60251
1.37496
1.41243
1.79196
1.25223
1.53271
1.19813
1.21425
1.26631
1.68249
1.48052
1.32392
1.45138
1.63339
1.43844
1.50023
1.64842
1.52935
1.83048
1.64802
1.45257
1.11815
1.39226
1.26307
1.54866
1.43411
1.29798
1.50961
1.71907
1.71944
1.56744
1.37665
1.49805
1.62422
1.82739
1.49781
1.59322
1.76412
1.61052
1.38713
1.37553
1.52103
1.80644
1.34949
1.79964
1.59666
1.27114
1.68001
1.41635
1.53996
1.34129
1.47819
1.63035
1.52808
1.69081
1.63976
1.63536
1.29591
1.80319
1.69755
1.49873
1.57764
1.54543
1.6596
1.40762
1.90771
1.55214
1.51625
1.75421
1.53747
1.6881
1.61955
1.40323
1.32853
1.5422
1.44045
1.39465
1.59257
1.54327
1.36225
1.67252
1.48181
1.31452
1.50134
1.60576
1.75293
1.45712
1.57465
1.79466
1.39407
1.32885
1.65226
1.66243
1.77603
1.58659
1.78706
1.56821
1.8423
1.56799
1.27737
1.67667
1.85008
1.70966
1.62145
1.55749
1.62262
1.50027
1.40121
1.55562
1.50506
1.65537
1.45012
1.65414
1.3351
1.22752
1.60185
1.76692
1.59492
1.21215
1.58734
1.80666
1.64345
1.42576
1.45311
1.74452
1.77489
1.76771
1.56998
1.75729
1.20644
1.5624
1.68352
1.46472
1.534
1.75123
1.33387
1.44909
1.51994
1.5098
1.34525
1.53718
1.4714
1.67002
1.45453
1.4883
1.37007
1.6306
1.41149
1.66975
1.47646
1.67768
1.3917
1.60795
1.58098
1.61131
1.47045
1.67338
1.46429
1.66214
1.41187
1.81018
1.51079
1.49911
1.4533
1.61294
1.57411
1.63598
1.4358
1.59717
1.52056
1.47439
1.6488
1.58882
1.46125
1.50046
1.50709
1.44403
1.29043
1.4216
1.60123
1.41778
1.81771
1.91965
1.42663
1.65467
1.48722
1.6664
1.5458
1.52515
1.70096
1.68705
1.91765
1.46867
1.55516
1.3735
1.60812
1.81894
1.50951
1.60835
1.61048
1.60781
1.50946
1.25159
1.27737
1.57833
1.35176
1.62446
1.51293
1.59432
1.45307
1.86119
1.32068
1.61784
1.65855
1.27653
1.52137
1.60134
1.56023
1.54141
1.67395
1.62636
1.92312
1.40572
1.57907
1.25709
1.76257
1.83312
1.21204
1.72515
1.66428
1.5106
1.56106
1.48714
1.43603
1.52525
1.46964
1.14538
1.68701
1.69838
1.48883
1.82052
1.73467
1.71571
1.70658
1.39464
1.58222
1.57952
1.53119
1.45474
1.42195
1.38812
1.76937
1.59301
1.89426
1.69725
1.14695
1.65984
1.56517
1.59058
1.49877
1.69433
1.58935
1.25144
1.29833
1.76563
1.61875
1.51279
1.65578
1.46293
1.28508
1.66677
1.42797
1.5215
1.33301
1.54182
1.66802
1.47713
1.38465
1.69296
1.27569
1.5748
1.53533
1.55582
1.57677
1.48878
1.80201
1.43522
1.3121
1.65434
1.634
1.25775
1.6496
1.62665
1.66632
1.69333
1.70368
1.49661
1.70522
1.70049
1.79547
1.61702
1.68349
1.66673
1.47226
1.74397
1.62841
1.58769
1.41667
1.49636
1.63842
1.58936
1.67175
1.53387
1.394
1.40416
1.43228
1.46099
1.4921
1.5617
1.77045
1.41433
1.49429
1.66328
1.7319
1.54818
1.44555
1.62756
1.42307
1.80317
1.85037
1.54674
1.63729
1.4503
1.78469
1.48846
1.41162
1.61274
1.53252
1.62158
1.37901
1.57359
1.56179
1.44934
1.77735
1.31896
1.76648
1.45781
1.42469
1.41418
1.64428
1.55986
1.49026
1.51951
1.6349
1.31817
1.53218
1.55702
1.62128
1.41091
1.56904
1.61144
1.59869
1.88949
1.40846
1.72254
1.33907
1.70643
1.58782
1.78084
1.75371
1.57106
1.43077
1.54216
1.51657
1.57209
1.58538
1.52156
1.49384
1.45861
1.4881
1.40099
1.32039
1.26813
1.64825
1.66747
1.522
1.51807
1.38562
1.58978
1.7574
1.3977
1.70304
1.64968
1.53969
1.42266
1.60883
1.7342
1.26649
1.81346
1.42751
1.43652
1.84651
1.37136
1.39353
1.31791
1.38029
1.40838
1.29235
1.44783
1.52881
1.49766
1.61398
1.5957
1.29577
1.45529
1.55634
1.51184
1.53223
1.25367
1.45539
1.57914
1.47222
1.4669
1.51215
1.64581
1.44577
1.51376
1.43214
1.40422
1.69882
1.74957
1.44742
1.67953
1.30556
1.51239
1.46937
1.59064
1.52961
1.56097
1.56495
1.5042
1.65142
1.42358
1.4593
1.57241
1.50128
1.36603
1.72161
1.67313
1.41003
1.40927
1.56824
1.26623
1.67312
1.48226
1.53423
1.27809
1.62155
1.66882
1.31449
1.71935
1.44859
1.72471
1.41124
1.4744
1.76006
1.36884
1.45651
1.48692
1.57935
1.56625
1.54495
1.7279
1.50455
1.58605
1.34389
1.52414
1.53926
1.7363
1.55611
1.70845
1.45221
1.49632
1.50703
1.53122
1.61226
1.49068
1.51701
1.53382
1.83864
1.62366
1.60138
1.59731
1.77188
1.44268
1.58078
1.36798
1.42148
1.41841
1.50445
1.56458
1.59567
1.30022
1.67474
1.6095
1.43917
1.46517
1.90756
1.4057
1.5749
1.37968
1.58924
1.47826
1.51581
1.61225
1.54513
1.52182
1.72465
1.78702
1.32353
1.53986
1.44776
1.48121
1.97447
1.39865
1.50617
1.4082
1.54882
1.69511
1.53709
1.44304
1.61972
1.55209
1.74373
1.71733
1.67352
1.5937
1.7531
1.61613
1.5192
1.51563
1.57558
1.64249
1.50431
1.5424
1.68905
1.63655
1.47679
1.41397
1.52532
1.62823
1.53947
1.5691
1.42807
1.54784
1.49549
1.36294
1.52336
1.46501
1.55041
1.43853
1.55676
1.17331
1.48684
1.22599
1.71917
1.53083
1.32511
1.64381
1.58426
1.61446
1.48558
1.62186
1.48717
1.71897
1.46672
1.55927
1.54762
1.41445
1.75059
1.62929
1.57551
1.02203
1.65992
1.40189
1.36433
1.75173
1.50496
1.44175
1.56321
1.45896
1.54941
1.67136
1.35477
1.24202
1.89522
1.22366
1.40014
1.61626
1.4617
1.60761
1.55463
1.46336
1.51648
1.41131
1.47007
1.5314
1.62388
1.66722
1.35835
1.46965
1.60257
1.48142
1.6385
1.33617
1.59062
1.60767
1.69111
1.72455
1.62758
1.67892
1.52125
1.26004
1.40576
1.49529
1.77868
1.64606
1.406
1.37911
1.38446
1.61541
1.58973
1.56648
1.64884
1.48649
1.5065
1.70743
1.37082
1.75809
1.70326
1.58676
1.40422
1.26179
1.5445
1.63663
1.89548
1.83208
1.40635
1.62944
1.59245
1.66675
1.53087
1.63051
1.46666
1.67039
1.1767
1.57711
1.71286
1.43567
1.5638
1.77739
1.78452
1.6586
1.41756
1.67347
1.34964
1.51534
1.66325
