1.63803
1.55717
1.37431
1.55579
1.91176
1.54848
1.53851
1.44784
1.40452
1.59688
1.39658
1.73903
1.57914
1.85226
1.53107
1.55558
1.31677
1.87442
1.81154
1.23497
1.45635
1.44028
1.47659
1.709
1.54681
1.49215
1.68988
1.40475
1.49492
1.67779
1.5912
1.86399
1.51556
1.59128
1.47506
1.50311
1.61116
1.68957
1.7444
1.25064
1.45549
1.70573
1.461
1.81479
1.58858
1.59052
1.64665
1.84478
1.40659
1.58872
1.51107
1.55332
1.73833
1.56569
1.7045
1.44281
1.64843
1.48187
1.74624
1.24899
1.63393
1.66366
1.55204
1.44734
1.35534
1.65786
1.45469
1.76069
1.4395
1.75834
1.68247
1.48442
1.45309
1.49167
1.56832
1.78671
1.57761
1.44938
1.30984
1.13434
1.66786
1.68472
1.43559
1.53984
1.68769
1.7309
1.5516
1.29246
1.58851
1.44259
1.44078
1.45314
1.67044
1.42221
1.51837
1.57591
1.64662
1.48239
1.69496
1.72193
