1.12029
1.20744
1.01582
1.0713
1.2397
1.04393
1.1056
1.02436
1.16209
1.13434
1.0713
1.02574
1.00128
1.18102
1.0366
0.886835
1.1888
1.0332
1.0391
0.973107
1.06433
0.855977
0.870655
0.742617
1.07927
1.22434
1.12613
1.16013
0.702387
1.0183
0.880281
1.0678
1.04195
1.14405
1.16791
0.935861
1.02253
0.95517
1.04703
1.20904
0.798356
1.15369
1.11715
1.10484
0.987669
0.842724
0.788804
1.12427
1.13036
1.04851
1.06892
1.04897
0.960147
1.04492
1.08781
0.943149
0.908096
1.05879
0.954915
1.03643
1.08115
1.04096
1.00041
1.05843
0.942697
0.987118
0.991617
0.973398
1.04197
1.09374
1.09476
1.18672
1.03182
0.97276
0.843303
1.05021
0.965745
1.03188
1.00916
1.17043
0.955571
0.970015
1.25167
1.1137
1.09835
1.02721
1.04066
0.972175
1.06883
1.1029
1.13235
1.0598
1.08496
1.0189
0.989897
1.02144
0.993911
1.14832
1.09878
1.0692
