3.78646
4.27358
4.17954
4.74801
3.95037
4.1853
3.78482
4.66671
4.30624
4.60622
5.36589
3.99734
4.24849
5.18201
4.1772
4.89443
4.81573
4.13975
4.89199
3.83409
4.17006
4.99237
4.72587
3.81843
4.83599
4.65969
4.35633
3.9556
4.61366
4.13529
4.28567
4.16245
4.49994
4.22928
4.02746
4.35191
4.50453
3.7543
5.02657
3.2593
3.89979
3.91867
3.73814
3.53483
3.78397
4.77488
4.97964
5.1519
4.46332
4.39191
4.18139
4.16293
3.95215
5.10383
4.52227
3.68156
4.04999
4.41464
3.99005
4.72823
4.18682
4.29265
4.85883
4.19994
4.48507
3.8957
4.24176
3.87393
4.71621
4.82189
4.19913
3.93896
3.80934
4.37191
3.79283
4.74101
4.46179
3.33142
4.09884
3.6819
4.59675
3.3516
3.44087
5.05117
4.51453
4.3475
3.7628
3.80893
4.66549
4.17867
3.6226
3.88575
4.68653
4.17007
4.52665
3.94729
3.52415
4.45207
4.99492
4.89645
