0	 		0.866727	 5e-05	 0.25
0.0005 	  	2.06825 	  5e-05   0.25
0.001 	   	3.75126 	   5e-05   0.25
0.0015 	    5.70708 	    5e-05   0.25
0.002 	    6.34622 	     5e-05   0.25
0.0025 	    7.31156 	      5e-05   0.25
0.003 	    7.6488 	       5e-05   0.25
0.0035 	        8.27449         5e-05   0.25
0.004 		 8.63142 	 5e-05 	 0.25
0.0045 		  8.75431 	  5e-05   0.25
0.005 		   8.71045 	   5e-05   0.25
0.0055 		    9.14505 	    5e-05   0.25
0.006 		     9.55256 	     5e-05   0.25
0.0065 		      9.71913 	      5e-05   0.25
0.007 		       9.7361 	       5e-05   0.25
0.0075 		        9.63128         5e-05   0.25
