1.14019
1.07273
0.958948
1.12025
0.906568
1.07752
1.09821
1.19964
0.974613
0.988651
1.20929
1.18788
1.14516
0.986161
1.06014
1.03902
1.10388
1.0745
1.21997
1.10236
1.03661
1.02727
1.18703
1.04354
1.02572
1.27834
1.13944
1.24059
0.999863
1.03266
0.973585
1.02869
1.02865
0.967927
1.1506
1.04914
1.09363
1.34039
1.09644
0.919126
1.12237
1.05886
1.05788
1.07128
0.950209
0.814215
1.02393
1.23227
0.982042
1.05185
0.96305
0.950019
1.12095
1.16463
1.03054
1.01526
1.1463
1.13427
0.976994
1.1103
0.962296
1.08095
1.17155
1.00145
1.09848
1.21236
1.06429
1.07591
1.25175
1.04943
1.12866
1.13481
1.22745
1.0404
1.15686
1.26529
1.2012
1.11005
1.05785
1.01617
1.11614
1.07206
1.19674
1.13962
1.33472
0.87514
1.18375
0.994249
1.01969
1.03501
1.28235
1.13041
1.23223
1.3951
1.31422
1.04962
0.982702
1.00856
0.860186
1.01776
1.01327
0.985393
0.991198
0.978921
1.11865
1.11456
1.23457
1.30635
1.04001
0.962006
1.11893
0.974815
1.14136
1.00897
1.0291
1.16895
0.83591
1.24057
1.01329
1.12328
0.954888
0.745288
1.0298
0.871252
1.1702
0.861996
1.0775
1.06421
1.09267
1.13227
1.30614
1.00849
1.40096
0.898
0.900082
1.17131
1.01808
0.894652
0.983489
0.900556
0.914758
1.18509
1.03245
1.16918
1.16804
1.25843
0.983207
1.14598
1.22992
1.14572
0.915851
1.04095
1.10423
1.00767
1.14714
0.948575
1.11785
0.977016
0.928004
0.832785
1.07324
1.04703
1.01183
1.1177
1.15629
1.1522
1.15388
1.12304
0.933004
1.11148
0.930351
1.04906
1.26916
1.17315
1.13219
0.89742
1.15875
1.21162
0.910896
1.0026
0.978793
1.23798
1.00511
1.10015
1.07872
1.1402
1.11611
1.12268
0.945142
1.20555
1.06234
0.978355
1.16554
0.939667
0.975542
0.996503
1.05011
0.989652
0.984702
1.08649
1.02052
0.864288
1.10875
0.977172
0.993791
0.992584
1.11291
1.10722
1.11802
1.14055
1.01275
1.19565
1.09525
1.02372
0.886934
0.921219
0.974179
1.0847
1.06539
1.09773
0.925683
1.1747
1.0678
1.079
1.10443
1.02633
0.904532
1.21946
1.25918
1.19868
1.00563
1.00308
1.00692
1.09347
1.21687
0.968281
1.09879
1.05682
1.09007
1.00126
0.988924
1.09631
0.874104
1.11054
1.05392
0.99789
1.09278
1.11636
0.959778
1.07294
1.07171
0.993946
1.03478
1.07769
1.12085
0.863235
0.92594
1.07071
0.890247
0.894918
0.914559
1.0235
1.12887
1.00793
0.993413
1.03129
0.905327
1.13281
1.07839
0.932501
0.983162
1.14316
1.06806
1.06343
0.885144
1.12884
1.05517
1.17295
1.14626
1.13254
1.04183
1.02234
0.918694
1.12863
1.01334
1.03969
1.11646
1.08152
1.00745
0.861711
1.13765
1.2427
0.889277
0.971603
0.954564
1.12007
1.17494
0.947028
1.06413
1.06568
1.07263
1.11572
1.14262
1.10656
1.01586
1.10813
1.16289
1.12233
0.93388
1.25098
1.00955
1.14689
1.02121
1.11959
1.00908
1.00037
1.12728
0.950968
1.04385
1.01124
0.998709
1.2077
0.971937
1.07179
0.993217
1.13164
1.06248
1.02299
1.00285
1.12876
1.1003
1.05037
1.12005
0.998883
1.10784
1.07044
1.22158
1.10246
0.943083
1.23786
1.2168
1.05799
0.943133
1.00454
1.02737
0.923363
1.07014
0.859118
1.15565
1.10542
1.14907
1.10702
1.0769
1.05
1.28363
0.944034
1.27975
1.02146
1.10261
1.05195
1.03395
0.926241
1.10822
1.22657
0.962779
1.06459
1.03133
0.967274
1.13374
0.85194
0.925982
0.972591
1.03461
0.979145
0.831997
1.22579
1.06219
1.01219
1.0389
1.05992
1.0128
0.959801
0.955354
0.909405
1.02313
1.04483
1.16095
1.08389
1.00347
1.03007
1.10425
0.971656
1.07429
1.09676
1.09561
1.22285
0.999925
1.13673
1.18414
1.07966
0.982517
1.10166
0.989927
0.944141
1.01449
0.98407
1.04854
1.14885
1.10969
1.18901
1.07437
1.12076
1.08463
1.01478
1.24987
1.08673
1.06647
1.15357
1.16863
1.15557
1.13419
1.08551
1.163
1.04918
1.20818
0.884308
1.08484
1.05189
1.22754
1.09703
1.27622
0.961444
1.07705
1.10167
1.33666
1.03254
1.33319
0.870038
0.995223
1.05089
1.1039
1.18335
1.11629
1.02891
1.08209
1.09312
1.00625
1.14962
1.05695
0.928952
0.959323
0.996086
1.15889
1.11219
0.984959
0.947235
1.17354
0.926314
1.02713
1.07053
0.955771
1.26761
0.75997
1.27731
1.09936
1.05699
1.0541
0.972214
1.07785
0.977636
1.11426
0.880225
1.02197
1.14734
1.02299
1.14358
1.15941
1.0346
1.10646
0.800567
1.0836
1.17097
0.871448
0.946535
1.02686
1.10599
1.16968
1.02122
1.01134
1.06978
1.30499
0.923676
1.07619
0.952898
0.946127
1.1166
1.00204
1.05842
1.02214
1.24508
1.02647
1.03545
1.09807
1.11729
1.01672
1.00252
1.17568
1.02431
1.11727
0.946355
1.01917
0.994364
1.10948
1.10183
1.19817
1.17288
1.28973
0.976563
1.04847
1.16717
1.05138
1.05941
0.97886
1.30188
0.962239
0.787757
1.19564
1.07476
1.18085
1.06658
1.14548
1.12185
1.09198
1.06589
1.42044
1.35528
1.29489
1.04826
0.970415
1.12861
1.06786
1.09297
0.908343
1.09918
0.956808
1.17186
1.13167
1.03344
1.21154
1.3984
1.06723
0.973331
1.12149
1.07142
1.01409
1.20875
1.06066
1.14531
1.07653
0.950093
1.0823
1.09362
1.07228
1.04148
1.13304
1.0859
1.09639
1.04275
0.910738
1.15696
1.00268
1.07351
0.982127
0.957574
1.15696
0.926788
1.02435
0.953753
0.956564
1.24548
1.04998
1.03914
1.2145
1.16813
1.27009
0.714264
0.987326
1.03828
1.02716
1.03395
1.06424
1.14923
0.90263
1.13023
1.07499
0.999723
0.953097
0.950578
0.934281
1.08301
0.873389
1.03385
1.06014
1.05778
1.08885
0.922938
1.18275
1.06631
1.14811
1.02243
0.973326
1.11169
1.17516
1.26461
1.05565
0.91917
0.860637
0.963408
1.16503
0.95354
1.04067
0.939509
0.973648
0.970544
1.2138
1.04983
0.998929
0.953475
1.06995
1.02376
0.887302
0.989604
1.21354
1.06747
0.846927
0.902626
0.93513
1.18885
1.05054
0.965961
1.02658
1.06656
1.11229
0.975033
0.983139
0.978257
1.1162
1.27002
0.970715
0.808513
1.1788
1.17283
1.29204
1.14959
1.28941
1.00133
0.976855
1.12421
1.18109
1.08336
1.07721
1.06782
0.969421
0.756678
1.046
1.04059
1.19899
1.14039
1.06386
0.952013
0.926324
1.06835
1.00553
0.912104
1.22404
1.19135
0.97172
0.923524
1.08992
1.06126
1.00385
1.04584
1.0463
0.832611
1.1151
1.24907
1.02609
1.11516
1.2069
1.08763
1.08951
1.09641
1.19735
0.871851
1.18445
1.16973
0.889232
0.943483
1.11842
0.972466
0.998162
0.889819
1.05802
0.923212
1.10983
0.788567
1.03993
1.02384
1.13271
1.11244
0.843091
1.27143
1.03022
1.10523
1.01991
0.90412
0.984295
0.945199
1.05581
1.03905
1.18213
1.07425
1.02064
1.15477
0.876549
1.20662
0.932237
0.955869
1.08835
1.15972
1.06414
1.16541
1.10689
1.04955
0.93263
1.1145
1.01511
1.29109
1.03165
1.13225
0.989829
1.06214
0.955914
1.05867
1.10141
1.23069
1.20202
1.15037
1.01386
1.21195
1.21598
1.08039
0.916469
1.01891
1.02526
1.08778
1.16966
1.1074
1.13737
1.18492
1.08122
0.782014
1.14673
1.26028
1.08353
1.25194
1.31729
1.1924
1.09253
1.12922
1.06999
1.12145
1.19262
0.883517
1.1163
1.11983
0.959999
1.0944
1.18994
1.16987
1.24715
0.848354
1.27039
0.99168
0.805865
1.0416
1.16448
1.05361
0.989287
1.19107
1.00979
1.18558
1.09046
1.15711
0.958894
1.0857
1.01861
1.10149
1.08072
1.05607
1.14653
1.02957
1.03791
1.16691
1.16775
1.27837
1.00782
0.994737
1.13235
1.2421
0.993182
0.944552
1.00009
1.08578
0.987327
0.911985
1.05485
1.07839
1.14372
1.03947
0.995318
0.942668
1.11477
0.869329
1.09965
1.14805
1.25024
1.08951
1.10122
1.03464
1.01687
1.00282
1.13711
0.985222
1.05666
1.0308
1.0018
1.06479
1.1139
1.19375
0.959057
1.10378
0.953375
0.891565
0.921225
0.994569
1.11875
1.10433
1.21982
0.98375
1.07036
1.00187
0.924752
1.06035
1.11608
1.07512
1.38045
0.921777
0.952993
1.10499
1.19662
1.09936
0.989391
1.13249
1.14417
1.03351
1.19231
1.07469
0.970817
0.853716
1.07875
1.12533
1.05117
1.17195
0.921984
1.09804
1.18228
1.0896
1.23598
0.948856
1.12666
1.0381
0.982799
1.05731
1.15147
1.19685
1.02935
1.03484
1.09364
0.934991
1.12561
1.16952
1.08063
1.00506
0.991595
1.08582
1.01731
1.0075
1.04072
1.07208
1.17803
1.23232
1.12671
1.02206
0.850443
0.986371
1.06208
0.945869
1.28821
1.03386
1.08993
0.924797
1.08426
1.16935
1.08703
1.24535
1.2951
1.06937
1.04419
1.15209
1.18729
1.2651
1.00369
1.05799
1.03333
1.1141
1.10737
1.09926
1.06132
0.978813
1.0398
0.957385
0.971955
0.931902
1.10186
1.2803
1.14153
0.869872
1.01967
0.938926
1.05124
1.08623
0.824042
1.10144
0.920801
0.996508
0.996674
1.10934
1.13384
1.04146
1.06928
1.13225
1.1089
0.887183
1.28997
1.17365
1.07127
1.04076
1.05021
1.07586
1.20935
1.08225
1.13892
0.961408
0.951424
1.06534
1.13669
1.01831
1.15477
0.868336
1.14615
1.22102
1.22474
1.16041
1.07957
1.20797
0.917033
1.18015
1.08492
1.02312
1.11466
1.16422
0.904757
1.08163
1.09578
0.972323
1.01777
1.01576
1.08732
0.999207
1.21391
0.944835
1.13995
1.13851
1.01617
1.02571
1.06907
1.21324
1.28606
1.08821
