5.49804
4.65694
5.80427
5.17798
4.53955
5.85947
5.62295
6.55945
6.26299
6.19653
6.3781
5.28533
5.72637
4.78271
5.58311
5.24125
6.14794
5.9877
4.8845
5.77297
6.13291
6.37323
5.81348
5.17398
4.59218
6.14945
4.86094
6.10452
6.15104
5.97969
6.32523
5.30352
5.72118
4.89922
5.44544
4.42295
5.03961
5.41316
4.32849
4.87977
6.14188
4.66902
4.27458
5.60426
5.74256
5.67493
5.71065
6.01692
5.09756
5.78943
4.60104
5.16378
5.32041
6.01203
4.74754
5.88701
6.05186
4.59522
5.24789
4.67791
5.42795
5.64813
5.45972
5.15102
6.53867
6.1368
5.63751
4.91747
4.92912
6.02651
5.04025
6.50872
5.73832
4.03724
5.26342
4.8227
5.18394
4.71127
5.01864
5.51675
5.56409
5.52659
5.26499
5.05042
5.47393
5.20178
5.41759
7.26584
5.71317
5.4661
5.45118
4.83704
6.25306
5.06299
6.28659
5.62201
4.44712
5.52401
5.20705
5.33503
5.09054
5.08295
5.38832
5.24458
5.5833
5.25497
6.02765
5.49522
5.35706
6.80069
5.49905
6.0627
5.40412
4.96196
5.09967
5.80103
4.29321
5.23052
5.94025
5.89911
5.51386
4.36482
4.87251
5.77799
4.51563
4.58504
5.54602
4.86574
5.80589
5.8882
6.54526
5.74057
4.81346
4.66812
5.1567
5.44941
4.63567
5.78525
5.53483
4.44566
5.11307
4.82825
5.4409
5.04621
5.72715
6.41457
4.9969
5.83325
5.16295
6.33823
5.45015
5.41285
5.61636
4.74492
5.57993
6.15648
5.32692
5.44466
5.4707
4.76657
4.43379
6.38399
5.65452
3.82452
5.90577
4.83677
6.33046
4.4661
5.72529
4.48846
5.30975
4.73265
4.50163
5.83946
5.30985
5.14081
4.48315
5.91933
4.99212
4.83912
5.17005
5.45547
5.02869
4.96963
3.67566
5.52799
5.00193
5.06318
5.15139
5.79139
5.40122
5.38811
5.27647
5.21181
4.76833
5.71917
4.7178
5.46693
5.29971
5.1836
5.21187
5.61815
5.77082
5.73009
5.44869
6.24031
5.77837
5.10742
4.7607
5.58902
4.67146
5.43181
5.92517
5.13532
5.45355
4.95868
5.64503
5.43871
6.50569
6.14885
6.21838
5.90304
5.9012
4.55847
4.8868
4.94028
5.53255
6.49985
5.89517
5.38703
4.8781
5.61198
5.69036
5.5557
5.36017
5.43076
5.23028
5.52875
4.81825
5.03564
6.17478
4.2674
5.58752
5.12855
5.75419
4.96324
5.59129
5.56809
5.52661
5.34271
5.88331
6.42398
5.61543
5.63968
4.56772
4.27111
4.9223
6.00579
5.4568
6.25211
5.14613
5.58784
5.73059
6.83545
5.53993
5.43682
6.02939
5.48684
5.43447
6.2736
5.75054
4.78841
5.78104
4.90103
6.04731
5.39918
5.84974
5.75706
5.10561
4.72369
5.08551
5.03977
5.23462
5.76785
5.21598
5.38753
5.39003
4.83959
5.71056
5.1595
4.81598
4.49893
6.08097
5.81802
5.40071
5.1234
5.18467
5.77986
5.71505
5.73047
5.36629
6.52754
6.13115
3.88882
5.62285
5.48712
5.50303
4.88452
5.56644
5.03975
5.15475
4.87662
5.03396
4.95961
4.25036
5.65731
5.32932
6.2233
5.61425
4.85818
4.96713
6.27902
5.58233
5.81616
4.69652
5.57099
5.11501
6.43887
5.45177
5.16775
5.93228
5.82083
5.74235
6.35395
5.21524
4.87811
5.4214
5.21162
4.20267
4.28335
5.02851
5.88714
6.19155
4.98497
4.74939
5.29064
5.21631
5.5741
4.80563
5.13894
5.12508
4.29609
5.45842
6.55692
5.42817
5.63482
6.34184
6.93155
5.78644
4.84017
4.94329
5.47232
4.53994
4.0022
5.71887
6.17734
5.37497
4.8832
5.17412
5.24937
5.54778
5.89851
4.75688
4.56538
4.91862
6.47985
5.1464
6.42217
5.39529
6.10168
5.86291
5.57266
6.13032
6.13738
5.42595
4.922
5.92877
5.63266
5.12835
5.09034
5.23394
6.42606
5.07523
4.64091
5.08742
5.5199
5.40199
4.04039
5.6452
5.26863
5.59431
5.26987
6.55602
5.84456
5.51467
5.71443
5.27228
5.23022
5.11174
4.92931
5.63211
4.30174
4.72087
5.51644
4.65536
5.06686
4.27823
4.78498
5.62909
5.75999
5.82828
5.72497
5.33097
5.90137
4.17957
6.0424
5.40718
5.93684
5.85198
5.61703
5.70402
5.61174
4.94612
5.70783
6.67478
4.94742
4.95161
4.67322
4.45242
5.08825
6.10903
5.17654
5.85637
5.15083
5.13107
4.74911
5.72317
4.77113
5.81995
6.11592
5.19961
6.3201
5.12378
6.29882
5.05812
5.40443
4.54789
5.82936
6.10169
4.64364
5.96134
4.68816
4.67918
5.29309
5.72867
5.38394
5.78282
5.66991
5.09097
4.69522
5.24207
5.62771
4.90591
5.38939
5.19459
5.40933
4.97823
5.46864
5.00358
5.87179
5.3189
5.64371
4.70145
5.68434
5.74705
6.27759
5.37054
4.97763
5.55649
5.68223
5.00744
4.22367
6.23867
5.13065
4.87948
5.25796
5.88384
4.85808
7.16091
5.96003
5.22483
5.48656
5.2414
5.01385
5.62624
4.98338
5.41072
4.34458
5.00503
5.0551
5.46903
4.5832
5.55094
5.03957
5.8957
5.23647
5.40055
4.58232
5.60996
4.59635
6.22343
5.18074
4.57381
4.79517
4.85619
5.55133
5.37056
5.5576
4.77335
5.39676
4.35547
5.51392
6.12349
5.30374
6.28148
6.04575
6.10291
5.98364
5.30534
5.32924
5.44977
5.32327
5.64766
5.56957
5.25556
5.15607
4.94232
5.03063
4.78238
4.9686
5.10009
5.71158
5.68969
4.65379
5.30971
4.64513
5.64444
5.18294
5.53637
5.29156
4.89706
5.89691
5.44382
4.46724
4.90083
6.03236
5.94285
6.11283
5.97552
5.41103
5.18615
4.41486
5.59687
5.30822
5.551
5.20068
5.24814
6.33175
5.22347
6.33445
4.8324
5.29473
5.21045
4.53567
6.10149
5.86354
5.26868
5.23785
4.28515
5.55218
4.31148
4.70014
5.66798
5.89075
4.63654
5.43018
5.8834
6.07258
5.30572
5.29416
4.95434
5.10484
5.17155
5.30206
5.80264
5.00891
5.32601
5.76095
5.74751
5.77499
4.39555
4.54967
5.63411
5.8002
4.79208
4.60441
5.25051
4.60223
4.22134
4.35929
5.25846
5.19553
5.2494
5.18732
5.02108
6.07862
5.32421
4.80735
5.64339
5.58317
4.78417
6.01615
5.59201
5.14589
5.96486
5.51799
5.16467
4.90167
5.51858
4.97809
5.24037
4.41236
5.20215
6.27795
5.77054
5.30727
4.73557
5.60044
5.50142
4.31206
5.62621
4.80551
5.33472
5.48088
5.43521
4.96808
5.3601
4.70224
4.64737
4.84104
5.86594
5.5118
5.60749
5.43166
5.7571
5.7173
4.33866
5.80908
5.5432
6.24373
5.61385
5.84578
6.28463
5.30402
5.72999
5.29562
5.03205
5.81833
5.54036
6.36789
5.27501
5.60825
4.63829
6.09221
5.32816
5.15837
5.48411
5.8497
5.59039
4.71867
4.58428
5.38206
5.55632
5.2107
4.95426
5.11924
4.8341
4.93933
5.16205
4.90341
6.13828
4.56631
4.52592
4.92899
5.42251
4.37658
5.05158
5.15723
4.88031
5.57936
5.49116
5.77975
5.17769
5.41179
4.38108
5.73151
5.30078
5.55192
5.63279
5.61903
5.43998
5.47866
5.49455
4.98112
5.59386
5.80289
5.43165
5.14673
5.49737
5.28898
5.84855
5.26116
4.37949
5.19358
6.10623
6.11532
4.83483
4.55852
5.42932
4.85711
5.85979
6.20265
5.12278
4.74433
5.61609
5.34728
5.75226
5.10199
5.71975
4.78198
5.87213
6.17909
6.07716
5.26631
5.81906
4.86231
5.17073
5.55048
5.9732
5.73878
5.25026
5.19439
5.47661
4.9133
5.19348
6.23339
5.54439
6.17961
5.23636
4.519
5.74744
5.24497
5.51879
4.35656
4.99892
5.93719
4.86415
4.82946
6.14588
4.98456
5.06903
5.68621
4.80544
5.29407
5.67242
5.50522
6.14074
5.17011
5.71734
4.94337
5.47899
6.15145
5.91395
5.4724
5.26224
4.89143
4.99788
6.12588
4.51586
4.52879
5.33627
5.01694
5.276
5.6457
6.03099
5.64563
5.43178
5.11872
5.66944
5.1203
6.19216
5.69717
5.08998
4.92299
6.06559
5.59864
5.23781
6.17163
5.54645
4.86792
5.92853
5.30569
6.26248
6.16096
5.36576
4.9661
4.76942
5.51846
5.48309
5.21575
5.22596
6.19455
5.75909
5.51631
5.758
5.59808
6.49153
5.60577
4.9565
5.45527
6.04483
5.0035
5.65529
5.53515
5.47648
5.77526
5.21467
3.85921
5.10207
5.43044
5.3318
5.2566
5.18268
5.79614
5.96517
4.80289
5.00159
4.50643
5.40479
5.56061
5.97186
5.00526
4.72445
6.52759
6.46602
5.52759
4.89904
5.74004
5.87286
4.69652
5.64869
4.27697
4.5878
4.73959
5.70807
5.62769
4.38862
6.30654
5.69279
5.48274
5.67779
4.86497
5.68021
5.13661
5.62233
4.73182
4.98367
4.92013
5.72487
6.12142
4.3186
4.96699
3.98651
5.05352
5.85434
5.40941
5.56194
5.59203
5.63621
5.27786
5.3761
5.71744
5.95421
5.46994
4.29956
5.40658
4.99121
5.38158
5.36058
5.59182
6.03745
5.79131
5.61363
4.88104
5.46081
4.86835
5.33234
5.00207
5.15346
4.43518
5.55135
5.49132
5.54267
5.66575
6.91452
5.36748
4.6614
5.67897
5.68222
7.26918
5.44958
4.26362
4.47083
5.30633
6.17495
5.67998
5.09307
5.06993
5.4035
5.2075
5.5452
6.04007
6.78846
5.64013
5.33789
5.82045
5.79587
5.10378
5.6357
5.09154
5.68161
4.53349
5.95769
4.98758
5.37188
6.0276
4.87377
4.85202
5.49875
5.0892
5.45226
5.9324
5.46729
5.79671
5.56703
5.48492
5.82146
5.07193
4.62524
6.24541
5.81235
5.20904
4.91015
6.05367
5.69821
4.54428
4.79256
5.18748
4.96982
5.29766
5.61082
4.83107
6.43614
4.86396
6.23022
5.35909
6.12909
5.78752
4.93585
4.65247
5.81351
6.44815
4.89416
6.56175
5.46877
4.26308
5.14487
4.80836
4.87965
4.85047
