1.85155
2.06499
2.44895
2.36371
2.10265
2.23544
2.08481
1.86994
2.44747
1.64874
2.12098
2.28137
1.76985
2.099
1.97502
2.38563
2.13858
1.84465
2.36278
2.41842
2.04232
1.7755
1.82905
2.26434
2.22436
2.23068
2.05794
2.25712
2.46542
2.11133
2.24042
2.02326
1.98176
2.03999
2.35434
2.44682
1.93849
2.63409
2.57023
2.1904
1.99688
2.25799
2.31825
2.51234
1.70333
2.05501
2.12773
2.50055
1.98068
2.43165
2.14136
1.67848
2.31318
2.1496
2.22453
2.51088
2.18106
1.86702
2.22001
2.20063
1.801
2.15078
2.05167
2.39947
2.2733
2.17351
1.80535
2.30406
2.24447
2.14961
2.33251
2.89126
1.80915
2.34567
1.95012
2.62407
2.33494
2.46633
2.33992
1.77207
2.18031
2.3207
2.18059
2.18871
1.98491
2.29867
1.77015
2.18129
2.44014
2.04625
2.06558
1.93847
2.26571
1.92308
2.28044
2.3506
2.10969
2.20265
2.43631
2.15487
2.13919
2.04005
1.95163
2.0325
2.6136
2.26669
1.97958
1.88155
2.16633
2.15872
1.59244
2.29894
2.38124
1.98127
2.28616
2.27352
2.65413
2.37796
2.04331
2.35928
2.0416
2.01975
2.20822
1.90264
2.01146
2.29775
2.58818
2.06565
2.08592
2.01766
1.72203
2.29417
2.1081
2.16227
2.15745
1.87746
2.43262
2.12153
2.47803
2.34412
1.70536
2.16355
1.931
2.31374
2.0141
2.16898
1.97317
2.1163
2.17722
2.05106
2.42716
2.34724
1.95656
1.80649
1.90561
1.99564
1.95251
1.65442
2.31844
1.98527
2.15165
2.38317
2.37606
2.27196
2.12267
2.36298
2.5149
1.94192
1.85714
2.28558
2.3616
2.04454
2.18241
2.28912
2.02154
2.10754
2.51925
2.16092
2.13614
2.08615
1.70025
2.27486
1.96559
2.34832
2.00114
2.31551
2.17427
2.09703
2.38311
1.82079
1.98179
1.62672
2.05812
2.13405
1.86585
2.1753
2.97242
2.12088
2.16568
2.1687
2.15931
2.10939
2.01423
2.04193
2.02937
2.02465
2.28032
2.34027
2.14623
2.40551
2.16043
2.01794
2.57141
2.4765
2.11853
2.15675
2.56049
2.5075
2.15029
2.26973
1.93833
2.1515
2.3723
1.99282
2.04498
1.69955
2.00706
1.90749
1.67868
2.12428
2.34511
2.01225
2.22317
2.15523
2.2047
2.21217
1.9069
2.18752
2.18201
1.77864
2.18158
2.40585
1.93847
2.55771
2.2005
2.41631
2.23109
2.52611
2.40136
2.00099
2.46205
2.21926
1.96943
2.25683
2.29759
2.27331
2.12186
1.91304
2.13198
2.04993
1.91898
2.02929
2.17502
1.91024
2.47927
1.98918
1.79974
1.78672
2.40915
2.15704
2.26155
1.90278
2.09518
1.98436
2.15643
2.14199
1.97333
1.94499
2.20843
2.6953
2.39013
2.45514
2.19813
2.29945
2.07228
2.17812
2.08402
2.20375
2.33142
2.43145
2.17386
2.31627
2.03736
1.83524
2.03754
1.88959
2.1657
2.1316
1.941
1.91357
2.14081
2.42546
1.63372
2.50475
1.93736
1.86366
2.2433
2.18024
2.2738
1.94922
2.10961
2.60239
1.80807
2.28961
2.36793
2.36138
2.29857
2.16494
2.21404
1.89135
2.17908
1.91798
2.25461
2.26471
2.3539
2.01861
1.93956
2.14791
2.41736
2.16849
1.70339
2.28195
2.22589
2.45632
2.3386
2.2947
2.39757
2.28543
1.76319
2.17461
2.1193
1.95515
1.96824
2.041
2.00594
2.32637
1.65914
2.06386
2.30879
2.00466
2.15988
2.31817
2.13593
1.94053
1.84126
2.18048
2.03182
2.18127
1.88884
1.59728
2.23244
2.24193
1.87251
2.45418
1.92927
1.89272
2.18728
2.21582
1.86142
2.20822
2.45282
2.2864
2.0403
1.93823
2.15533
2.3532
2.0225
2.28811
1.91354
2.38667
1.84092
1.76335
2.17612
1.92565
1.96153
2.1879
2.39263
2.29429
1.85727
2.47676
2.34177
2.02023
1.89625
1.96687
1.97608
1.93937
2.23783
1.94678
2.00881
2.1849
2.29466
2.18882
2.26058
1.86811
2.27821
1.80547
2.14061
1.95561
1.82411
1.92263
2.26475
2.23058
2.10425
1.75012
1.99563
2.56363
2.19753
2.19893
2.45484
2.16657
2.25557
1.50041
2.0658
2.0412
1.89809
2.022
2.03962
2.09259
2.07998
2.09396
1.90836
2.15262
2.17864
2.49947
2.10993
2.39189
2.06892
2.03964
2.14794
2.6079
2.16947
1.99515
2.21773
2.02896
2.127
2.37897
1.6671
2.36128
2.25203
2.10892
2.22215
2.20837
1.86551
2.07959
2.2645
2.1628
2.21551
1.9611
2.0036
2.08381
2.5097
2.51697
1.70196
2.05617
1.81525
2.21903
2.20592
1.78481
2.13221
2.01381
2.26919
2.59577
1.91206
2.14039
2.04949
2.21572
1.9418
2.08733
2.2544
2.32846
1.94168
2.38423
2.41825
2.12571
2.36052
2.09965
2.40564
1.9008
1.93674
2.25201
2.41161
2.25891
2.12603
1.88229
2.22267
2.57704
2.33603
2.30315
1.9038
1.83046
1.72636
2.34118
2.04215
1.65726
2.41884
2.06592
1.86224
2.32857
1.6906
2.15739
2.08801
1.99593
2.35246
2.15383
1.91887
1.92124
1.8705
2.17374
2.22775
1.96323
2.20197
1.79376
2.29583
2.36662
2.52727
1.87827
1.94052
2.19029
2.06715
1.99227
2.46378
2.07971
2.37282
2.09139
1.7404
2.40923
2.26794
2.53985
2.33745
1.95558
2.16527
1.90063
2.04168
2.4192
1.9928
2.06075
1.86224
2.80912
2.15311
2.05597
2.10952
2.35918
2.13515
2.0326
1.91186
1.97764
1.85218
2.1484
1.97165
1.87176
2.2609
2.54394
2.21352
1.97579
2.26922
2.37898
2.04882
1.86636
2.01514
1.93812
2.04535
2.45723
2.1346
2.33834
1.64283
2.2826
2.11645
2.18682
2.10286
1.93225
2.00046
2.25716
1.97517
2.37965
2.25014
2.09645
2.27194
1.987
2.62115
2.29219
2.01071
2.1323
2.26869
2.39175
2.16797
2.27169
1.80273
2.53298
2.04272
1.94575
2.28733
2.27484
2.05965
2.23122
1.92731
2.20677
2.15802
1.92804
1.95417
2.3497
2.37036
2.52049
2.07901
2.45416
2.07175
2.06804
2.04019
2.11992
2.19
2.60246
2.27709
1.8315
2.26517
2.19516
1.65647
2.08169
2.50251
2.00474
1.90752
2.26698
1.98036
2.33693
2.2408
2.14813
2.03595
1.9949
2.3251
1.94932
1.78311
1.91404
2.50935
2.23283
2.22291
1.97526
1.96512
2.26939
2.05938
1.99414
1.87446
1.72116
2.48787
2.23739
2.10964
2.32749
2.08368
1.82243
2.1672
2.15803
2.33595
1.83947
1.94449
2.20319
2.07641
2.02556
2.35826
2.39198
2.22902
2.15182
2.12845
2.22779
2.25268
1.8282
2.12937
2.09272
2.16411
2.04953
2.08181
2.00856
1.98224
2.28661
2.30399
2.27438
2.14217
2.05218
2.2999
2.06091
2.06091
1.84346
2.03896
2.41923
2.42011
2.37815
2.14954
2.1977
2.04925
1.88249
1.98592
2.35914
2.20817
2.21005
2.36078
2.12324
2.04972
1.867
2.10557
1.88406
1.99061
2.18527
2.17952
1.90082
1.89053
2.41396
1.8809
2.11707
2.20035
1.86763
2.19735
2.0512
2.17921
2.07692
2.34043
2.26542
2.27503
1.70458
1.97152
2.04591
1.90443
1.97974
1.66294
1.96315
2.00282
2.44167
2.04161
2.50283
2.34205
2.23035
2.06605
2.05056
1.99374
2.21331
2.39096
2.05742
2.4733
2.1314
1.81265
2.42838
1.86015
1.86469
2.33943
2.27785
2.12731
2.02759
2.03966
2.15541
2.25938
2.22635
2.25867
1.80164
2.12555
2.32059
2.54956
2.00299
2.23845
2.015
2.29327
2.0648
2.31099
2.14584
2.16693
1.98164
2.27201
1.83096
2.37621
2.10649
1.7713
2.26766
2.19731
2.04256
2.10803
2.20376
2.42073
1.8211
2.01588
2.17374
1.84414
2.21016
1.75904
2.01312
2.02061
1.65595
2.09254
2.11652
2.03325
1.92738
1.92093
2.21955
2.40726
1.7519
2.31116
1.88154
2.63488
2.24484
2.11135
2.05187
2.32876
2.07808
2.16375
2.10958
2.47133
2.18187
2.41844
2.21185
1.96276
2.38579
2.06439
2.17867
2.45365
2.13897
1.82697
2.26984
1.60088
2.33127
2.49429
1.92539
2.04066
2.204
2.03936
2.26391
1.96211
1.90865
2.09609
1.93535
2.10509
2.30037
2.0917
1.90574
2.33401
1.79277
2.1661
1.97117
1.68853
2.47834
2.45188
2.36981
1.84948
1.98788
2.44626
2.04318
2.42748
1.93015
1.93878
2.47636
2.19199
2.25122
2.33653
2.26232
2.52217
2.13819
1.96522
2.05576
2.02321
2.29085
1.75089
1.91509
2.02944
1.59445
1.97272
1.76953
2.12406
1.73703
2.16017
1.84759
2.46969
2.26333
2.04656
2.28172
1.88089
2.06097
2.37235
1.72036
2.24088
2.64631
2.07052
2.22122
2.27358
1.86253
2.06736
2.06701
2.03531
2.10866
2.34083
1.63205
1.83557
1.659
2.11688
1.99094
2.51004
1.76366
2.14018
2.11286
1.88226
2.56761
2.21045
2.34657
1.79859
2.27864
2.22384
2.15042
2.10778
1.98795
2.41198
2.22782
2.49034
2.07212
2.11731
2.05105
2.13995
1.94582
2.23999
2.28567
2.25781
2.45136
2.33275
2.11046
2.09675
1.82087
1.89658
2.02226
2.42264
2.50175
1.84691
2.30717
2.4138
1.97181
2.29117
2.49657
2.12246
2.015
1.93734
1.75523
1.90455
2.25505
1.99638
2.22869
2.09582
2.14051
2.04335
2.21729
2.02638
2.11114
2.23226
1.958
2.50801
1.8407
2.12242
1.91266
2.20315
2.33468
2.29706
2.17978
2.09383
2.16337
1.90508
2.31405
2.07169
2.34147
2.20908
2.05934
2.18346
1.88444
2.37728
2.06893
2.13665
2.42051
2.05902
2.24794
2.19816
2.25853
1.94986
2.09753
2.02036
2.28631
2.20432
2.31041
1.94714
2.12777
2.26648
1.99057
2.00368
1.82607
2.23914
2.20983
2.01923
1.97711
2.1463
2.24778
2.37081
2.1098
2.33144
2.04274
